4.1026
4.0675
3.7328
3.5585
4.1082
4.4071
2.4119
3.7058
3.9303
3.4289
3.3115
3.8112
3.6423
4.7654
3.1340
2.8207
2.7247
2.9711
3.6651
3.6475
4.3287
3.5278
2.8251
2.9891
2.5002
4.0362
3.9633
2.9265
3.3737
3.8878
4.2537
4.5396
3.7475
3.4700
3.1734
3.8868
3.7222
2.5695
3.2805
3.6061
3.6191
2.9821
3.3572
3.8958
4.2068
3.1656
4.0448
4.0480
4.2630
3.4170
3.6383
4.4301
3.8453
4.2149
4.0123
4.3017
3.9368
3.9734
3.9998
3.3887
4.0385
3.7999
3.9740
3.4279
3.7598
3.1823
3.1202
3.6891
3.4326
3.7088
2.6433
4.0985
3.6138
3.2258
3.1126
2.7334
3.3417
3.8779
4.1662
3.5132
3.1767
4.2600
4.4220
4.2650
4.6114
3.2128
2.8140
3.1816
2.2195
4.3181
2.9783
4.5712
4.3195
4.4056
4.2243
4.0209
3.3239
4.0606
3.0485
3.4603
3.9056
3.7048
3.8440
3.3384
2.8302
3.2698
3.2810
4.5155
3.9521
3.2943
4.1201
3.8135
3.0708
4.0846
3.6494
2.8827
4.3187
4.4378
1.9220
3.9358
4.0441
3.6531
2.6850
3.8738
2.9480
4.0506
2.6441
3.3536
4.3013
3.0598
3.3590
3.5710
2.8150
3.5688
4.3249
3.3418
3.6839
3.9153
3.8800
3.1176
4.1500
3.3813
3.6090
4.5139
3.9512
3.8986
4.0734
2.6825
2.9538
3.1617
3.7748
2.9724
2.5181
3.9876
4.4341
2.2399
4.1200
4.1626
1.7177
3.3297
3.0660
3.9208
3.7295
2.5154
3.5009
3.6742
3.5389
3.4932
2.0232
4.2445
3.7943
4.1972
3.7487
4.1416
2.6881
3.2472
3.0749
3.2216
3.7640
2.5799
3.3430
2.9840
3.7815
3.8510
4.2775
3.0785
2.5435
2.8715
4.0463
3.1455
4.1409
2.7671
4.3775
4.4276
4.4701
4.2338
3.2181
4.1709
2.8483
3.9731
4.2829
4.1795
4.6513
3.3284
4.2332
3.1759
3.1656
4.9209
3.6042
3.6088
3.5683
4.0207
2.2604
3.2075
3.9454
3.9321
3.5492
3.9852
3.8277
3.6969
3.7234
3.7361
3.9569
4.1639
2.9660
3.9428
3.1447
3.2028
4.1885
3.3061
4.0257
4.1728
4.2917
3.3617
3.3680
4.1186
3.9735
3.2200
4.0613
3.1683
2.9659
3.5110
3.6070
2.4461
4.0280
3.8014
2.7406
3.9929
3.6971
1.9754
4.0881
3.8800
4.3173
3.5969
4.0678
3.5584
2.3021
3.0654
1.8848
3.5666
4.0175
4.8752
3.7695
4.4716
3.5807
4.1354
3.4590
3.3726
3.4466
2.2584
3.4049
3.6123
3.8600
2.4109
4.1629
3.4088
4.4324
4.0816
3.1717
3.0080
3.7742
4.3105
4.1521
4.4112
2.0079
3.6072
3.5149
4.0297
3.9841
3.3259
3.2145
2.9179
3.4255
3.7626
3.3651
4.2038
4.0516
3.6561
4.3888
4.0750
2.4693
3.8204
3.4636
3.4724
3.1865
3.0547
3.9556
3.6102
2.9639
2.8326
2.8012
3.6482
2.8137
3.3746
4.0628
3.1709
3.4327
3.5476
4.5548
4.0375
4.0267
3.5240
4.1743
4.1071
3.5779
4.5419
2.4606
4.7219
2.8861
3.5641
3.5809
4.1387
3.6273
3.8000
1.9498
4.0781
4.3199
3.9005
2.5084
3.9084
3.3264
2.8343
3.4279
3.4448
2.9735
2.2205
3.0077
3.5321
2.7129
3.1254
3.3786
3.6347
3.2630
4.3113
3.0203
3.5706
2.2990
3.7598
3.6108
4.5281
3.1960
3.6450
3.3123
4.0439
3.5064
4.4107
3.0666
4.4940
3.4498
3.7354
2.9820
3.2050
4.4934
3.3030
3.2639
4.4309
3.6713
3.4129
3.3414
2.7208
4.1631
3.4850
3.5244
3.7601
3.6509
4.2885
4.3033
3.3856
2.7360
2.7091
2.7614
3.2555
3.9634
3.5616
3.2540
3.6179
3.3997
3.7121
2.6694
4.2255
2.6583
3.6582
3.7030
3.5503
4.5643
4.5031
3.9421
2.6276
3.5567
3.2434
3.5541
4.0676
3.5681
3.4434
3.4597
4.2770
4.2240
4.3805
3.8395
3.9293
3.8238
3.7571
2.9521
3.7559
2.9843
2.9924
3.9443
3.4640
3.4133
4.1474
3.4652
2.8074
3.2684
3.1475
3.7326
4.7548
3.9395
3.4014
3.2610
3.8474
2.7360
3.8739
3.6459
3.0953
3.1335
4.3611
2.8352
4.0368
2.9901
3.5800
3.7223
4.7983
3.8518
3.4475
2.5915
3.6637
4.0593
3.0206
2.9458
3.6432
3.5668
2.8148
3.0894
3.7577
4.0978
4.0143
2.4893
3.5140
4.1596
2.9000
3.0221
3.9525
2.7958
3.7955
3.8875
3.7246
3.5993
3.8720
3.3857
2.5683
3.6933
2.8051
3.7269
3.1736
3.5679
4.0657
3.9491
3.1632
4.2361
3.9799
3.6855
2.8900
3.7335
4.3422
3.9329
4.4135
3.5217
3.5839
4.2081
3.2842
3.6004
3.1418
4.8109
3.9657
3.0086
3.0581
3.8689
3.6257
4.6978
2.8838
3.5310
3.1999
1.7202
3.8157
2.7573
4.0064
3.8193
3.5974
4.4166
3.0781
4.1479
3.5290
3.8178
2.8792
3.4301
3.4571
4.1043
3.6035
3.2918
3.6292
3.0784
4.0990
3.4123
4.4929
4.3231
4.1831
4.0517
3.9586
3.6106
3.1863
3.9196
3.6262
4.0894
2.9194
2.5971
3.5105
3.7394
3.6075
4.0150
2.8334
3.4698
2.7790
4.0151
3.1475
2.7111
4.0452
3.9635
3.5919
4.0614
3.3474
3.9108
4.2550
4.0176
3.8682
3.7578
3.4964
4.3046
3.7312
4.3852
3.5519
3.6834
4.0847
4.3383
2.8607
4.2900
4.6218
3.9340
3.7206
3.8404
4.4631
3.4415
3.1079
3.8380
3.5865
1.9301
3.8680
2.3316
4.2907
4.1216
4.0536
3.6881
3.7281
3.9351
3.4988
3.9726
3.9460
3.7995
3.7187
3.5976
2.3691
2.6065
4.4189
2.8045
4.1660
3.1247
3.8903
4.4461
2.7295
4.4230
3.7278
4.0608
3.9718
3.8479
3.2918
3.8011
3.2305
3.5890
3.0562
3.6770
4.6585
3.3213
3.3536
2.2664
4.6377
3.5624
2.5018
3.6376
3.4113
3.2389
4.1434
3.9482
4.0056
4.1138
2.1844
3.8832
2.6859
3.7535
3.6366
4.5383
3.7723
2.7094
3.3689
2.6650
2.1228
3.8499
3.0093
3.2543
3.4264
4.0881
4.2185
2.3494
3.2592
4.0219
3.5770
3.3763
3.8278
3.5265
2.6337
3.5959
2.9434
4.0823
3.9508
2.9220
3.2884
4.1265
4.4583
3.8937
4.1086
2.8784
3.8671
4.2249
4.3624
2.8288
3.4837
3.2395
3.0046
4.3442
3.3864
2.6686
3.0692
3.0718
3.7293
3.5515
3.8444
3.3395
3.0617
3.2295
3.8439
3.8793
3.0602
3.5528
3.9532
3.8810
3.8702
3.5561
4.2077
3.9190
4.2731
3.0946
3.6145
3.1631
4.0971
4.4126
3.2639
3.7484
4.2664
3.3342
2.3191
4.1094
2.7634
3.2420
3.7380
4.0159
3.8796
4.2752
4.1226
3.9848
4.1056
4.2107
2.4954
4.1943
3.1987
4.0529
3.6720
3.5300
2.8322
3.6997
3.1295
3.7245
2.8120
3.1927
3.7200
2.6507
3.4119
3.8399
3.3818
3.2072
3.4234
4.1423
3.2344
4.8433
3.6406
3.4230
2.6554
3.6770
3.7654
3.1454
3.8688
3.6020
3.3022
4.0720
3.3778
3.8519
3.1458
2.8115
3.5277
2.4101
3.2733
4.0665
3.8365
3.6308
3.2457
3.5328
3.7954
3.3674
3.4339
4.2454
3.7738
3.8620
3.9224
3.7244
1.3171
3.6174
4.2522
4.0859
3.4054
3.2785
2.6769
3.5851
4.1951
3.5618
4.2230
3.0993
3.1344
1.2253
2.9292
3.2561
3.9178
3.5387
3.5330
2.3108
3.6264
4.0503
3.0646
2.5234
3.6781
3.9438
3.0153
3.5517
3.9240
3.7555
3.8477
2.3617
3.5245
3.4423
3.8359
3.4819
4.0976
3.5112
3.8280
2.9233
3.4770
4.1370
4.2440
2.5196
3.4624
4.6828
3.6328
4.0153
3.6298
3.4791
3.4490
3.8250
3.9112
2.7471
2.3649
3.5942
3.4904
3.3870
3.9318
4.0538
3.7035
3.0967
3.2921
3.6041
4.6836
3.4737
3.5640
3.2702
3.7541
3.4992
3.0217
4.0912
3.1452
3.4392
3.3864
3.8484
3.5770
4.0748
3.4198
3.7533
4.3776
3.1470
4.0699
4.8046
2.3650
3.7908
2.4644
2.4965
3.4422
2.8908
4.1931
3.8728
3.1564
3.9531
3.9337
3.7186
4.0712
3.4836
3.4599
3.7461
4.1818
3.1778
3.4708
3.0678
3.2378
4.1775
3.6196
3.6081
3.4944
3.5959
4.1296
2.3598
3.7321
4.5153
3.2836
2.8760
3.3141
4.0629
3.0424
3.7129
2.6304
3.2923
3.7032
2.7955
3.9473
2.8088
3.6832
3.7204
3.6859
3.8185
3.4250
2.8995
4.2324
3.6400
2.9015
4.0050
4.1481
3.0382
3.4572
3.6478
3.2797
3.4161
3.4878
3.3955
4.0344
3.2824
2.6590
2.3253
2.8644
3.8970
3.1947
3.0781
3.2845
2.9800
2.3958
3.8829
3.8758
4.1633
2.6769
2.7285
4.0338
3.1175
2.5250
4.2033
3.5702
3.9768
3.9178
1.9356
3.0384
3.4966
4.0749
3.2193
3.4909
2.3345
1.8846
3.6367
3.3650
4.2592
2.9653
4.6581
4.0749
3.9362
2.6289
4.3796
4.2588
4.1074
3.1209
4.0077
4.5303
2.7894
4.0744
4.2794
3.5442
4.1217
3.7388
3.2488
3.0883
3.5718
4.2336
3.6951
4.1190
4.2963
3.9300
2.6403
3.8623
3.9823
3.0342
3.8114
2.8827
2.7801
3.7561
4.2723
4.2346
3.3864
2.9486
2.7331
3.3689
2.7330
4.1221
3.2141
4.7385
4.2507
4.4060
3.5625
3.2507
3.8650
3.5690
3.6832
3.1143
2.5330
3.6171
3.6063
3.4886
4.0358
4.3549
3.5972
3.9618
2.8067
4.2677
2.6167
3.3771
3.3190
3.2035
3.4719
3.5639
2.7976
3.5365
4.3193
3.1441
3.6890
3.4228
4.6667
4.2177
3.7592
2.0388
3.4843
3.4859
2.8833
4.1365
2.9912
3.5859
2.9471
2.9284
3.9105
3.4121
3.9613
3.8774
2.2390
2.6383
3.6559
3.1761
3.6744
3.3671
2.9236
3.6048
4.6311
2.9462
2.9955
3.9296
3.2430
3.3730
3.5013
4.0501
2.8137
3.9631
3.9672
4.0524
1.8922
4.6512
3.8360
3.4894
3.5108
3.7729
4.1596
3.2237
4.0195
2.5104
4.1094
4.1879
2.5809
1.9857
3.4116
2.9748
3.6430
3.5953
4.3021
4.0583
3.5829
3.3827
4.1256
4.3973
3.2669
1.8804
3.2417
3.7770
3.0426
1.3794
2.7989
3.4994
3.7236
3.7953
4.8214
3.8734
4.7641
3.3111
4.1504
3.1454
2.7550
2.9033
3.6757
3.4426
3.8465
3.6153
3.4896
3.1755
2.7290
3.0089
3.7126
3.9214
3.7900
3.3531
3.7617
2.8901
3.6618
3.4834
3.6145
3.8305
1.6650
3.8719
3.5757
3.0751
3.2584
3.8205
3.5390
3.6620
3.7073
2.4769
4.3139
3.9050
4.0611
3.7461
4.0218
2.8706
3.3154
3.4811
3.6926
3.0175
4.1793
4.2245
3.7416
3.2956
3.8793
3.7503
2.5717
3.4483
3.5228
3.1698
3.1822
4.2842
3.4530
3.9969
3.0271
3.8808
3.9477
3.3489
3.4863
3.2877
3.3546
4.2350
3.3404
2.3601
2.7070
2.7347
2.8779
2.2698
3.7632
3.6938
3.0417
4.6258
2.8608
3.5902
2.7641
4.0063
4.0703
3.9404
4.1143
3.0788
3.6330
4.3230
4.0649
3.4607
3.2085
4.1713
3.3379
4.2758
3.0182
3.7180
3.2236
2.9102
3.2328
3.7654
2.7564
3.8167
2.8540
2.4450
3.5722
3.9627
4.4314
3.3545
3.1127
3.2959
3.6952
2.2528
4.3461
3.7851
3.9776
3.6242
2.4789
2.9588
3.9454
2.2958
3.8820
2.6178
3.3583
3.5502
4.0273
3.5560
3.6349
4.6254
3.5009
2.9879
4.1083
3.8803
3.8420
3.5501
3.3072
3.7084
3.7578
3.8956
4.1694
2.5516
3.9539
2.6369
2.7183
3.7644
3.3215
3.4045
4.7309
4.6714
3.1739
2.8492
4.7223
2.4281
2.3291
3.5675
4.3228
3.8583
4.1626
3.7085
4.0720
4.1875
4.0972
3.3207
4.1055
3.2468
3.3691
3.0049
3.2504
3.4029
3.4966
4.0246
3.6620
3.0448
3.5845
2.7734
3.0694
3.7361
3.8282
4.1072
3.2627
3.9294
2.8419
2.6276
3.4156
4.0154
4.7877
4.2040
4.2257
2.9474
3.7182
2.3776
4.1442
2.9523
4.1436
3.7358
3.4967
3.5573
3.6699
2.7113
3.4724
3.5025
3.9874
2.3635
4.1568
4.3024
3.7295
3.8277
4.0203
3.8197
4.2391
4.0098
3.5953
3.6856
2.4767
4.0313
3.8202
3.4553
3.4117
3.8511
2.4583
2.7709
2.5700
3.7624
3.1983
2.8721
4.2610
3.6295
4.7065
4.0479
4.1127
2.8930
3.9272
3.0846
3.8879
4.2190
3.2871
2.6974
4.1941
3.5538
3.2449
3.7475
3.4013
2.8184
4.1374
2.9529
4.6180
3.6408
2.8658
3.7619
2.8896
3.7973
3.1079
3.6246
3.0877
3.9430
3.5008
3.1953
3.6065
4.0370
3.8551
3.5982
3.9215
3.8671
3.1177
3.9696
2.7153
3.9820
3.9419
3.6558
2.9020
3.9260
2.7386
3.2509
3.0116
4.2948
3.9218
3.5827
3.4432
3.4217
4.3487
3.3091
2.5714
3.3634
3.1272
3.9467
3.4073
2.3134
4.3500
3.6297
3.8741
3.1543
4.0489
3.5806
4.3807
3.9287
2.9611
3.4146
3.8486
2.3403
3.4471
3.2918
3.4345
4.0132
4.1504
3.1788
3.0854
3.2304
2.7227
3.0608
4.0841
3.1966
3.6229
2.9186
2.4363
3.0832
3.6035
3.2524
3.3731
3.7609
4.2140
2.1695
4.1563
3.3252
3.7602
2.6778
3.5419
3.0875
4.0870
4.0301
3.1706
3.8698
4.1719
4.3367
3.3525
4.0430
2.6446
3.5558
1.8638
3.6295
3.7884
4.0418
3.5877
2.8419
4.4204
3.8380
3.7450
3.8570
4.2680
2.9907
2.0843
4.5711
1.9305
3.7728
3.8133
3.1810
3.8235
4.0745
4.3024
3.2661
3.2733
4.4700
4.1108
3.4920
3.0311
3.3292
3.4450
2.9355
4.2691
3.8933
3.6776
2.9548
4.0359
2.9423
4.4920
3.9937
3.7767
1.4858
2.4080
3.5625
3.0976
4.1062
4.0409
2.9030
4.3792
2.7104
3.9164
2.5841
3.8867
3.9289
2.9184
4.6164
3.8364
3.7002
3.9452
3.8903
3.3182
3.8204
2.4295
3.5634
3.8488
4.1937
4.3103
3.4611
3.8017
3.3946
3.6976
3.3657
2.8153
3.4190
3.3054
3.4100
3.6441
3.0327
3.9044
3.0220
3.7202
3.1398
3.4999
4.5163
3.4381
3.1301
3.4033
4.2378
4.1674
3.6829
3.7492
3.6043
3.4152
3.1214
3.0930
2.0829
3.3892
4.0219
4.5429
3.7416
4.2918
3.3191
2.1038
4.1914
3.9269
3.3355
3.8704
4.2501
4.1096
3.7753
4.0380
3.7804
2.5375
4.2472
3.7449
3.6724
2.9816
4.1231
3.6791
2.2752
4.2569
3.4129
3.0303
3.0112
4.4036
4.1197
4.3012
4.1527
3.3091
3.7837
3.8260
3.2915
3.7766
3.2685
3.5957
3.3513
2.8712
4.0036
4.0759
4.1300
3.1294
3.7183
3.8685
3.3312
3.8563
2.7106
4.0495
3.7561
4.0141
3.2933
4.5930
3.6696
3.4126
3.2597
4.5893
3.8248
3.6754
4.0146
3.5275
3.2773
3.8655
4.6093
2.8898
2.2060
3.6342
3.5629
4.0348
3.6911
3.9132
3.0437
3.8284
1.7526
3.8701
3.6342
3.3810
3.9237
2.9522
2.6601
2.6407
4.0636
3.0096
3.0938
4.2673
4.2618
4.2504
3.5055
3.7513
2.9518
3.8827
3.3379
3.4212
4.2819
3.9620
4.0546
3.5037
2.8867
4.0384
4.1411
3.5415
2.9924
2.8411
4.0108
3.1231
4.0691
3.4002
2.3447
3.5207
2.8001
3.4321
3.4569
3.1844
4.1737
3.7066
3.7146
4.1270
3.1873
3.7067
3.2124
3.1324
3.6389
3.1714
4.2830
3.9546
2.7501
4.1926
3.7413
3.7307
3.9378
4.3114
2.0137
1.4753
3.2433
3.2002
2.9271
3.6650
4.1762
2.3206
2.9345
3.9110
2.4447
4.0349
2.5731
4.4596
3.1624
3.4286
3.7439
4.0724
3.4279
3.0597
2.9758
4.4229
3.3859
3.0716
3.4113
3.5244
2.7249
4.2794
3.9732
3.0144
4.3249
4.0847
3.1859
3.8082
4.0627
3.2510
3.3763
2.7940
3.3408
3.8791
3.8470
2.1928
3.6267
3.6627
3.8824
2.6958
3.5872
4.2148
4.6222
3.6286
4.7453
3.2529
2.5004
3.3899
3.7272
3.2746
4.0122
3.3772
4.0761
3.5526
3.2340
3.4915
3.3385
2.5186
3.0593
3.3205
2.5405
3.4010
3.8195
3.8169
3.4701
4.2430
3.9402
3.6034
3.6272
4.7850
3.1711
3.7978
4.0998
4.1695
3.5042
3.9344
3.2963
3.2491
2.3252
3.4157
3.1655
3.8664
4.0427
3.5743
3.8546
3.4169
3.3522
3.9807
3.8167
1.0000
3.9863
4.0165
3.7523
3.7795
2.8439
4.1259
4.4581
3.3535
4.9968
2.4991
4.5920
3.3529
3.0571
3.9408
3.5062
3.3055
3.7404
3.0140
2.6666
4.0706
3.8079
4.4767
3.8438
3.7416
4.2538
3.0211
3.7224
4.1715
3.2438
3.9857
4.2486
3.3833
3.6100
2.8298
3.6674
4.1436
3.8857
3.3712
3.7761
3.5352
4.2011
2.4634
3.6878
2.6261
3.8404
4.2428
2.8331
3.2025
4.0105
4.1910
3.6049
3.5897
3.4463
4.1653
3.3308
3.6925
4.3308
3.8083
2.7224
3.5147
3.5112
3.5818
3.6847
3.5888
2.9443
4.4489
4.0267
3.3558
4.0290
3.7705
3.9808
4.4263
3.1291
4.2919
3.7472
3.6139
2.8588
3.4473
2.8830
3.4960
4.1515
2.8995
3.7413
3.1996
3.5835
4.2313
3.8266
2.4499
3.3986
4.5397
3.8345
3.4155
3.4098
3.3677
3.7115
4.6027
4.0930
3.2827
2.3832
3.2474
3.6626
3.6897
3.9115
3.9917
3.8916
3.5665
3.5019
4.0980
3.3381
3.1277
3.8772
3.5077
3.9680
3.4599
2.7175
3.6535
3.3207
4.5409
3.6910
3.6002
4.0002
3.9717
2.3961
4.7484
3.9619
3.6793
3.5062
4.5099
1.7911
2.7795
3.4250
2.7336
3.6321
4.2506
4.2230
3.0174
4.3578
4.0697
4.2649
2.9637
2.1432
3.9647
3.6438
3.3043
3.5661
3.2876
3.7742
3.7014
3.6850
2.9991
3.6453
3.4480
4.2163
4.8308
3.4038
2.9547
3.8395
3.1487
3.2983
4.3789
3.7172
3.8940
4.6366
2.9952
4.2488
3.2286
2.8219
3.4422
4.0586
4.0784
3.8210
3.8055
3.5639
3.1937
4.1157
3.3313
4.5536
3.7988
2.9185
2.4012
3.7158
4.4743
3.0061
3.5440
3.5130
2.8248
3.9693
3.6987
2.3804
3.5291
4.1888
3.5581
3.6812
3.6844
2.9370
2.6266
3.4438
3.1473
3.3515
3.6278
4.0321
2.6791
3.8006
3.1712
3.4360
4.7394
2.3926
2.4799
3.6971
4.1128
3.9699
2.4684
4.4665
3.6462
3.5423
3.5228
2.6038
2.7654
2.5209
3.1614
3.1989
3.3737
3.8863
3.9989
3.5854
3.2975
4.1054
3.2280
2.3070
4.0478
3.7138
4.5989
3.8831
3.3104
3.5012
2.5729
2.9067
2.7303
2.7928
4.0554
3.9572
3.0196
3.6046
2.7095
4.4022
2.5295
3.3730
3.4358
2.9964
3.2805
3.6933
4.1789
4.0854
3.3584
3.9194
3.7742
3.1182
3.9181
3.3376
3.9654
4.3325
3.7198
3.2386
4.2572
3.4609
3.2236
3.4501
3.7952
3.6033
3.9890
4.1189
4.2311
3.5007
1.4313
3.9662
3.2079
4.4878
3.1687
4.2893
3.4518
1.6007
3.7948
2.3015
2.9002
3.1273
3.6041
3.7269
3.8201
2.6390
3.8859
2.6787
4.1249
4.7943
3.4257
3.0413
2.6803
3.8256
3.4518
3.7377
3.5321
3.7638
3.0015
3.7195
3.1586
2.7192
3.8531
3.8218
3.6413
4.4217
3.2379
2.6904
3.0563
4.2252
4.3535
3.7735
3.6960
3.4820
4.3384
3.6158
4.6332
3.7121
3.4021
3.3581
3.1289
2.9087
3.9224
3.1167
2.7043
2.5819
2.5449
3.7590
3.2826
3.6268
3.7851
3.5041
4.6047
4.3933
3.8825
3.7803
3.2388
3.2660
3.0580
4.1689
3.7854
4.6285
2.9271
3.5772
2.2494
4.2256
3.7621
2.1771
4.0094
4.1909
3.1466
3.5193
3.3957
3.4025
3.2110
3.2301
3.5179
3.0479
2.5616
3.7091
4.0817
3.6057
3.1261
2.7773
3.9543
3.1514
1.9224
3.7300
4.0016
2.4444
3.7666
3.3118
3.0433
3.1312
3.3573
3.3861
3.7342
3.7166
4.0006
3.6568
3.0705
3.1212
2.3839
3.1171
4.1057
2.9371
3.5889
3.8109
2.7897
2.7814
2.6745
3.9083
3.3077
3.4497
1.6103
4.3804
3.9547
3.3124
3.4948
3.5230
3.8534
3.8670
3.3014
4.0400
3.4636
2.8741
3.6455
3.2646
3.2269
3.9302
3.2176
2.9255
3.4876
2.5797
3.3978
3.9287
3.9138
4.1882
3.5333
2.5056
3.9203
4.2190
3.8854
4.1796
4.1632
3.3275
3.4583
4.7541
3.9381
3.0009
2.6848
3.9631
3.8167
3.4500
2.4549
3.3896
2.4330
4.6149
3.3027
2.9720
3.6922
2.6926
3.1638
3.3488
3.6696
3.6648
3.3981
2.8970
2.8564
4.0212
3.8354
3.2970
2.0814
3.2329
3.9163
3.0634
4.2867
3.8991
3.2586
5.0000
3.8070
4.0446
3.3777
2.3669
3.2873
3.6082
2.9256
4.0207
3.1144
2.7116
3.8220
2.9381
3.4340
1.0000
3.6093
2.9930
3.2128
3.0361
3.1352
1.6560
3.7383
3.5500
3.7847
3.8258
2.6980
3.6038
4.1341
3.2137
3.7625
3.0355
4.3944
2.9894
3.7480
2.0574
4.0824
4.3929
4.1122
2.5840
4.1864
3.1948
2.6581
4.1725
2.8250
4.4310
3.6382
2.9735
3.4938
3.0164
3.9677
3.2925
3.8658
3.7051
3.4761
1.8590
3.7729
3.6531
2.7760
3.6516
3.8857
4.3915
3.9975
4.4365
3.1133
3.5710
3.9233
2.7528
4.3141
2.8480
3.5330
2.9487
3.3787
2.4582
3.6868
2.3586
4.1754
3.7577
3.5467
3.7021
3.1338
2.8330
2.2221
2.8920
3.6666
3.3840
4.1391
3.4965
3.2145
4.2134
3.7426
3.4574
2.2897
3.6903
2.9609
3.9777
3.7839
3.0082
3.5428
3.5274
3.5986
3.7788
3.7760
3.5281
2.4605
2.7717
3.2723
2.4134
2.9636
4.4279
2.9471
1.7310
4.6036
3.1746
3.4356
3.1005
3.0818
1.6189
3.7713
3.5302
3.7668
3.0630
4.2840
2.9712
3.3299
3.6993
3.7413
1.4724
4.2555
2.9048
3.5444
3.1949
2.8106
2.9168
4.1413
3.6391
3.1827
4.2608
3.4382
3.8002
3.0964
3.6561
3.9874
3.6947
3.9553
3.4149
3.1048
3.1700
4.5441
3.3485
3.9138
3.1173
2.8091
3.7400
3.3224
3.2763
2.8515
3.5498
4.0577
3.7227
3.3980
4.4895
3.4733
3.0566
3.8117
3.0242
3.7301
2.9368
3.4526
3.4630
3.0100
2.1479
4.4357
2.1960
3.4942
4.5291
2.9283
2.3876
3.3253
2.6057
2.8075
4.5093
3.3965
3.4750
3.5654
3.5919
3.0594
3.9746
2.9083
3.5846
4.0202
3.8537
4.1522
3.1048
2.3091
3.6177
3.3629
3.9571
3.5013
3.1009
3.5785
3.3271
3.8516
4.0946
3.0432
3.8915
2.2422
4.1961
3.2237
3.8385
3.7022
4.2885
3.2074
3.9428
4.1886
3.8544
4.0504
3.3554
4.1900
3.9072
2.2543
3.1715
3.8135
4.1519
3.6169
3.0434
3.5564
3.6992
4.3916
4.0990
4.1160
2.8253
2.9127
4.6289
3.8781
2.1194
3.5574
3.7665
3.0043
3.4274
4.0780
3.6143
3.5419
2.7121
3.0336
3.8172
3.9732
3.5166
3.8873
3.0737
2.8007
4.0547
2.8085
3.2761
3.7910
3.7911
3.9235
3.8344
3.3656
3.7727
3.8809
3.5656
3.2463
4.1516
4.0158
3.4723
3.7364
2.5187
3.9178
4.1568
3.4016
2.9730
3.9109
3.6296
4.0822
4.1093
2.8451
4.6724
4.0946
2.8081
4.0895
3.3792
2.4962
3.5615
3.8659
4.1086
4.3716
1.9299
3.8606
4.4223
4.2085
3.1886
3.4187
2.1169
3.8444
3.6271
3.8892
3.0563
2.9230
3.9740
3.9237
3.2704
3.6592
4.4678
3.5249
3.5554
3.6052
3.7257
4.1573
3.4492
3.6422
2.9163
2.9335
3.8440
3.5107
3.9797
2.4262
4.3048
4.5177
4.1797
3.4570
2.3734
3.3425
3.7528
4.1651
3.7250
3.8701
2.9792
3.1252
2.8117
3.3794
4.3073
3.7267
4.9795
4.1090
4.0048
3.2295
3.8981
3.2359
4.2063
3.5912
3.7046
2.5860
3.6886
2.4338
3.7560
3.8059
3.7737
3.0907
2.9506
3.5021
2.9183
4.3683
3.5454
4.4558
2.8110
3.9901
3.7127
3.0545
3.4067
4.1732
4.0380
2.5599
3.8835
4.0675
4.3728
4.0053
3.3077
2.6643
2.7198
3.4011
3.0690
4.1824
3.4572
3.2627
4.4076
2.9092
3.5718
2.8946
3.0269
2.3042
4.2088
4.1964
3.7090
3.4101
3.3644
3.6962
4.3480
3.6957
4.6768
3.6193
3.2669
3.2846
3.3987
3.3737
3.9003
3.0867
3.7295
2.9457
1.6796
3.3335
2.2891
3.1613
3.5768
4.0858
3.2656
3.2719
3.0510
3.7778
3.4452
4.2557
4.2610
3.3908
3.6381
3.8701
3.6610
2.8769
3.2635
3.5211
3.8630
3.7787
3.2202
4.1694
3.5364
4.3423
3.6542
3.5604
3.7953
2.4618
3.0665
3.4858
4.0769
3.5436
2.2955
5.0000
3.0526
4.2197
3.8523
3.9575
3.9063
3.8254
3.5308
3.9329
2.6222
2.8304
1.9991
3.4358
3.9090
2.8318
3.7315
4.5971
4.4723
3.7698
3.4108
1.5584
2.4158
3.7111
3.4907
3.6534
2.7356
3.5862
3.6701
2.2774
3.4977
2.8254
4.2066
3.4907
3.3278
4.5665
3.9957
3.8429
4.3947
3.7521
3.5889
3.5605
2.8503
4.2330
4.0276
3.2900
3.8819
3.5260
3.2489
3.5872
3.3728
3.9438
3.1287
2.0468
4.2940
3.6751
2.7700
4.1920
3.2952
3.2740
2.8359
4.2556
4.4471
3.7020
2.8823
4.0673
3.5336
3.7921
2.9512
3.1921
3.4753
3.6425
3.8048
4.3258
3.3349
3.9537
2.5428
4.0712
3.6740
4.2711
4.2253
4.7247
3.5553
4.2160
4.1291
3.5922
4.0732
4.1317
3.5303
3.3852
4.1224
3.5663
3.0190
3.2870
3.7517
2.9588
3.2599
3.0854
3.6738
4.0005
2.3662
3.7800
3.4509
3.0698
2.1874
3.0234
3.4980
3.2022
3.6859
2.8343
3.3881
4.0040
3.3268
4.5987
3.2939
3.3562
3.5528
3.3504
3.6663
2.1634
4.0591
2.9884
2.7062
3.6853
3.4377
3.3651
3.1811
2.9265
4.1479
4.8481
3.3635
4.3030
3.4232
2.8733
4.1932
3.8007
3.5463
3.5076
3.5141
3.9058
3.9622
3.5842
2.9008
4.4254
2.7399
3.0671
3.9242
2.4254
3.9010
3.1569
3.9602
4.2224
3.9667
3.7253
4.3140
4.0055
4.3345
3.6451
2.6480
2.6225
4.1645
3.3120
4.8493
4.0663
4.5637
2.9404
2.7488
3.6493
2.1017
4.3251
3.5916
2.4627
2.8765
3.9873
3.1475
3.4221
3.7658
4.2916
4.2067
3.6149
3.9842
3.5375
3.5206
4.0863
3.6975
3.5334
3.1014
3.3214
3.1171
2.7436
3.8613
3.3422
2.5953
4.0683
3.1583
1.9325
3.9055
3.1025
3.6777
3.3629
2.1217
3.9227
3.6843
4.4618
3.6076
2.9606
3.2278
3.6946
2.8073
2.3943
2.5377
2.9072
1.9320
3.4980
3.1029
3.6646
1.9699
2.2812
4.4061
3.5548
3.2280
4.3222
4.1250
4.2105
3.7892
3.3345
3.0042
4.0258
3.7833
4.3136
3.6352
4.0142
3.4450
4.3256
4.3288
2.9123
3.2407
3.9958
2.3050
3.8437
4.3176
4.3800
3.5376
2.8070
4.3383
3.1139
4.0976
2.9398
3.9192
3.5339
2.1805
3.9026
2.5864
4.5550
3.2599
3.7931
3.3534
4.3229
3.4460
3.7856
2.3341
3.5633
4.3274
3.8839
3.8847
2.9076
2.5990
3.9320
3.0233
3.6789
4.5330
3.8789
4.1974
3.6879
4.1731
3.3427
3.9038
2.8026
3.8957
2.5554
3.7588
4.1858
3.3516
4.0003
3.0948
2.9100
4.0163
2.6882
3.8153
3.8732
3.8163
3.3614
3.3282
3.2440
3.2581
3.3011
4.0267
3.0522
2.7922
3.6048
3.9192
3.3722
4.3424
3.7675
3.1264
3.4922
2.7730
2.3368
2.9319
3.7916
2.1550
3.5890
2.8963
4.6455
3.6658
3.4556
2.0376
3.5538
4.0123
4.0397
2.7089
4.0691
3.2134
3.7521
2.8113
3.0975
4.3459
3.9327
3.0704
3.4285
4.6113
3.3476
3.9534
4.2905
3.4841
3.2043
3.2775
4.6511
3.1057
3.6174
3.2827
2.8397
3.1462
1.9254
4.1441
4.3155
4.1606
3.4980
3.7293
4.1183
3.5646
3.5879
3.3796
3.2004
4.3614
3.3123
3.8382
4.2482
3.7835
2.0158
2.3718
3.1775
2.8987
4.1988
4.1841
3.4427
3.6575
3.6230
2.9076
3.4457
4.2471
3.7938
4.7576
3.3329
4.5729
3.6872
3.9038
3.9811
3.3516
2.2560
3.7652
2.6863
4.0976
2.9499
2.6935
2.9400
2.8319
4.0750
4.2636
3.5527
2.7431
4.2853
1.2681
3.8920
3.5873
3.1227
3.8991
3.7707
3.3549
3.5524
3.6518
3.7693
4.2464
2.6459
3.9258
3.7455
4.5777
3.2818
3.8472
2.8026
4.2370
3.5347
4.3248
3.8402
3.6527
4.0393
4.4226
3.1503
4.0605
3.0222
3.8883
3.5956
3.7814
3.8968
3.8900
3.2691
3.6395
2.3343
4.0221
3.9396
3.7196
3.5959
3.0109
3.0047
3.2800
3.4387
4.8243
3.4907
3.9170
4.0444
3.3490
2.2765
2.9637
3.7937
3.4610
2.2659
4.1687
2.0804
4.5346
3.4274
3.2901
2.5453
4.3846
4.3474
1.9329
3.1362
3.7616
2.8877
3.2268
4.3928
2.4205
3.7322
4.4484
1.9166
2.5528
3.5157
3.8360
4.7123
3.1984
2.8150
3.5883
3.8359
3.6342
3.1022
4.2702
3.0132
3.0472
2.9488
3.3971
4.1243
4.0460
4.0915
4.3858
3.5719
3.5921
3.7335
3.9170
2.5917
3.0992
3.7038
3.7329
2.3976
3.8548
3.1871
3.7210
2.9270
3.3177
1.8294
3.8483
2.9889
3.3158
3.7358
4.2645
4.2702
2.5130
3.3671
3.5876
3.3322
2.7435
4.4401
4.3538
3.4772
4.0645
3.5195
3.9631
2.3628
3.6201
3.7395
3.7517
3.7548
3.9406
2.0494
3.5264
2.6116
3.8182
3.3848
3.9588
4.0221
3.9136
3.6032
3.1397
2.7444
3.5460
3.1750
4.0808
4.1903
2.6191
2.5173
3.6360
3.8427
3.6133
3.9733
3.4095
4.0280
3.2760
2.5715
4.3825
3.0851
3.4536
3.7155
2.5498
3.9903
3.4066
3.2529
3.9550
4.4037
4.0053
4.2246
4.4600
3.2252
3.9058
4.0557
4.0856
3.7022
4.1127
3.5469
3.3699
4.3698
2.8941
4.2360
3.8914
4.0572
4.0947
1.9646
3.8104
3.6280
3.8009
3.4709
3.1723
4.2763
3.1449
4.6605
3.8693
3.4276
3.9484
4.5892
3.5191
3.0958
4.1632
3.7819
4.5745
4.1331
3.6471
3.7019
3.6307
4.0608
2.4109
3.5066
3.9415
3.6525
3.3236
4.7168
4.4570
3.8162
3.5424
3.8326
3.1417
3.6791
3.1169
3.6137
4.2159
3.1113
4.0097
3.5022
3.3698
3.2210
3.3024
3.3321
2.6604
3.4264
3.7732
3.0812
4.5360
3.4434
3.2133
3.9656
3.4542
3.2676
2.9401
3.1149
2.7500
3.7967
4.4007
4.0357
3.7992
3.0689
3.8661
3.6135
3.7925
4.5036
3.9360
4.3078
3.1683
4.2408
3.1926
3.9058
2.1226
3.5389
3.3815
3.2745
1.8824
3.7295
4.2124
3.0400
3.6032
3.6484
3.0200
3.2520
2.5139
3.5295
2.2265
2.9193
2.8568
3.4010
3.3517
4.1986
3.9389
3.2442
3.0321
3.4432
2.8178
3.1550
4.7562
3.9683
2.9432
2.0495
3.9949
3.8486
3.6489
3.5703
3.9099
3.4041
3.8342
2.3946
3.1386
4.0276
3.7977
3.9947
3.4682
3.1681
3.2652
3.4576
4.2936
3.9642
3.3426
3.7057
3.2233
2.9378
4.1022
3.9464
4.2009
4.0235
3.6194
3.1445
3.6124
3.2402
4.6002
3.3676
3.3842
3.6758
3.0872
3.3705
4.1637
4.0905
4.0723
3.6479
3.3393
2.3423
3.4364
4.0111
3.6266
3.7684
4.7685
4.1611
3.4346
3.7580
4.5886
4.4461
3.0156
3.8125
3.6837
4.2441
3.6233
3.0957
3.9666
3.8664
3.4516
4.2417
3.4720
3.2879
3.9647
4.4466
2.8348
3.7267
3.0473
4.7516
2.9652
3.9984
3.1910
2.2033
3.0699
3.7241
3.3261
3.2112
3.3308
3.5755
3.1151
3.0348
3.7903
4.2157
3.5880
3.6222
3.7043
4.0370
3.0336
3.1971
2.3701
3.6240
3.0246
3.0973
4.0646
3.5346
3.3632
2.7763
3.2077
3.7641
1.8956
1.0000
3.5546
3.7663
3.3807
3.4247
4.4492
3.9794
2.2575
3.9309
4.3812
3.6640
4.2153
3.8369
3.2842
4.0423
4.1950
3.9242
4.2328
4.0585
2.1885
2.8520
2.8423
1.0000
3.7019
3.8525
3.6999
3.8045
3.5014
3.5576
4.1328
4.0925
4.0823
4.3089
3.0512
3.3424
3.7303
2.2714
3.7886
3.2024
4.0858
3.5021
4.0329
3.5326
4.5958
3.3781
2.7917
2.9649
2.9613
4.1855
3.4305
4.3479
2.3812
3.2971
3.8125
3.7983
2.9799
3.5101
4.2209
4.1027
3.0585
3.0180
3.3872
3.0277
4.0395
2.7572
3.6915
3.8163
3.4608
3.4190
3.7845
3.6721
3.4177
3.4634
3.7302
3.1113
3.4166
3.6538
3.9291
4.1970
3.6522
3.4640
3.8924
2.8655
3.1639
4.0502
2.4032
3.2879
3.5068
3.4877
4.3412
3.2228
3.1896
3.3328
4.2958
4.5634
4.2220
4.0259
4.3402
3.2193
4.6194
3.8723
3.2682
3.1237
3.5990
2.6725
4.0385
3.1314
3.7577
4.1912
2.3416
4.2041
4.2043
3.6871
3.9762
3.9716
3.2276
3.2297
4.2138
3.7515
3.5141
3.1741
3.5326
4.1615
3.7870
3.5172
2.6902
4.0536
4.2829
3.9820
4.1728
3.0982
2.5079
3.7730
4.1724
4.1801
3.3667
3.5188
4.1323
3.3010
4.3193
2.8513
3.7915
4.1792
3.7248
2.6726
3.5182
3.7483
3.7499
3.3128
3.4921
3.0352
3.1364
2.5432
3.7408
4.5678
3.8274
4.4247
2.9181
4.5942
2.5171
3.7156
3.0699
1.1202
3.2299
3.4747
2.7006
3.7557
4.3810
3.7367
3.6944
2.6129
2.1793
3.9594
3.7877
3.3253
3.7334
3.2125
4.0162
4.1114
2.1880
3.3123
3.9293
4.1820
3.4305
3.4829
3.3025
2.7755
1.8358
2.9191
3.2795
3.9345
3.7380
4.2428
3.3304
3.2593
4.2077
5.0000
3.9328
4.1072
4.0200
4.3261
2.0079
3.2728
3.8992
3.3480
4.5492
3.0629
4.1631
4.0294
3.9178
3.6659
3.8901
1.6467
4.1264
3.6146
3.4559
4.2782
3.5203
2.6418
3.7985
3.3726
4.0054
3.4436
2.9522
2.4539
3.7739
3.1550
2.1230
3.7379
3.0900
3.2817
3.1859
2.3039
3.7212
3.7988
2.9608
4.1011
3.8222
1.9880
2.8170
3.2326
3.8558
4.0310
4.1418
4.0640
3.1806
3.6049
4.1482
2.8256
3.7444
3.5460
2.2104
2.8490
3.9865
3.2025
4.2400
3.5506
2.7218
2.3271
4.0491
2.8686
4.0562
2.4061
3.3804
3.3799
2.0029
3.9446
3.8262
2.8697
3.3702
3.6319
4.1188
4.2768
3.1227
3.4456
3.7811
3.6376
4.1241
2.8079
3.9719
2.5040
3.4685
3.3786
3.5323
3.7662
4.3318
4.6476
2.9289
3.7723
3.3303
4.2903
2.7882
3.4195
3.8160
3.2911
3.2623
3.2686
3.6406
3.0126
2.7708
3.3026
3.1890
4.2158
3.3936
3.9508
3.5390
2.7165
3.1200
2.7689
3.2562
3.1373
1.8571
2.8497
3.4612
3.2205
3.4905
2.9365
3.8158
4.3430
3.6194
3.9685
4.0461
4.0080
2.8631
2.6793
3.5307
4.3183
3.5466
4.1349
3.5272
3.9680
4.3698
3.8879
3.9898
3.4209
2.9837
3.5925
2.9510
3.5377
3.6480
3.5704
1.8161
3.7270
3.1550
3.7561
3.0392
3.4093
3.5605
3.1948
3.0916
4.3815
2.8879
3.5839
3.6462
3.2183
4.6884
2.5706
3.0001
2.9724
3.5786
3.3613
4.0392
3.2028
3.5817
3.3448
4.1022
3.7174
2.8225
4.0700
3.8034
4.1180
2.9617
3.2442
3.6932
3.4619
3.5169
3.6408
3.7194
4.3980
4.1562
3.9056
3.6051
2.8239
4.3629
4.2079
1.9477
3.2965
3.6758
3.7368
2.7931
2.8382
4.1880
4.3242
3.4413
4.1694
3.7439
4.4134
3.2860
3.6927
3.2845
2.8902
3.6194
3.9834
3.2342
3.0504
3.8798
3.7864
3.0281
2.8655
3.5444
4.0874
4.0203
4.3509
3.2046
3.3936
3.7565
3.6070
4.4659
4.1682
4.1897
3.7618
3.1460
2.9933
4.7095
3.2018
3.2629
3.0600
3.6342
4.7923
3.2381
3.4651
4.2231
3.0121
3.0347
3.2567
3.5356
4.2445
3.5001
4.1717
2.6508
4.3387
3.6867
3.4127
3.5044
4.6996
3.4702
3.2470
3.6258
2.8483
4.1020
3.2800
4.0203
4.0484
3.7298
3.9412
3.1039
3.2847
3.5521
2.9794
3.8442
3.5092
3.2072
3.4302
3.0878
3.8410
3.7346
3.5102
3.5948
4.0040
4.1256
3.5859
4.2131
4.3606
3.2183
3.8228
3.2459
4.1273
3.4313
1.5885
4.2234
3.3372
3.9970
3.6582
3.3093
3.2499
3.8336
3.2567
2.9487
4.0112
3.4685
3.2865
4.4325
3.6831
3.0192
3.7390
2.8690
3.5615
3.7665
3.7783
4.3735
1.3535
3.8077
2.9507
3.9331
4.1807
4.5863
3.2589
3.3789
2.5339
3.1938
3.7005
4.0856
3.8194
3.5834
2.4573
3.6189
4.2733
3.3090
4.0015
3.8677
3.8929
3.0548
2.4022
4.4295
4.1040
3.2289
3.9556
3.2317
3.0694
3.0318
3.6921
4.3615
2.7420
3.2778
3.4324
3.5768
3.5741
3.4242
3.8916
4.5614
3.4578
3.7087
4.3801
3.8067
4.2765
3.8210
3.5637
4.1796
3.1645
4.3213
2.4393
3.5623
1.7990
3.4921
3.8755
4.3467
3.7971
3.2882
3.8649
2.8459
4.7517
3.6142
2.8023
4.3060
3.5877
3.6220
3.9533
3.2165
4.1003
4.1001
2.7309
4.2051
4.0901
3.8479
2.9723
3.4214
3.8253
3.5791
3.9558
3.5146
3.8526
2.1504
3.7175
2.6899
4.6389
4.1564
4.4345
2.9516
3.9859
3.5170
2.7032
3.8053
4.1028
4.2603
2.8077
3.3045
3.3904
3.6262
3.1634
3.7948
3.8011
4.2165
3.9959
3.1080
2.6757
2.8816
3.8561
3.0966
3.7262
3.7245
3.3912
3.5721
4.0891
4.0908
3.8536
4.3002
4.2879
4.3492
4.0726
3.4777
2.4027
3.8822
4.0838
4.3247
4.3726
3.1133
3.6223
3.5180
4.0014
3.9358
3.7996
3.0329
3.2745
3.4647
1.9406
3.9610
4.0638
4.4406
3.9305
3.5869
3.8522
3.4098
2.3978
4.3634
4.4634
3.7950
2.9270
3.8859
3.8467
4.1388
3.3324
3.0442
3.7636
3.0069
4.1623
2.3389
3.2972
3.2437
4.7790
2.9628
2.8985
3.1835
4.2189
4.3767
2.5869
3.0439
3.3048
3.4507
3.0250
3.6890
3.2014
3.6716
4.3084
3.8539
3.5469
4.1393
2.9037
3.4862
3.5536
4.2184
3.9023
3.2229
4.2645
3.0334
4.2333
3.1637
3.9123
4.0149
4.3932
2.7922
3.7665
4.0737
3.6942
4.8403
3.8515
3.4184
2.8705
4.2242
3.8890
3.2761
3.6908
4.1930
3.3458
4.5978
3.4046
3.2461
3.8667
3.7546
3.9610
3.7526
3.9288
4.3744
4.2764
3.3104
3.1575
3.2650
3.6893
3.0042
3.0988
4.1928
3.5495
3.7408
3.5956
3.3399
4.2408
1.2509
3.5676
3.6708
1.8845
3.2404
2.3816
3.1484
2.6310
3.4441
3.3082
4.3222
3.9755
3.7720
3.5894
2.7237
3.4652
3.8299
4.1078
4.3635
3.7098
3.7351
3.6368
4.0465
4.1947
3.3265
4.1024
2.1115
3.4565
3.0252
2.7846
3.1185
3.6128
3.7660
2.5940
2.7590
3.7912
3.6481
3.6818
1.9387
3.5007
3.8319
3.0548
3.7439
3.4835
3.2556
3.2308
4.4812
4.4738
3.0287
3.6113
3.3379
4.0502
3.2024
2.9998
4.4048
3.0624
3.8356
2.6853
3.0180
4.1579
4.5281
3.3263
3.3317
1.9576
3.2139
3.5408
2.6455
3.1350
3.6392
3.6589
2.0721
4.3752
3.4079
3.5157
3.3811
3.7221
3.2410
3.7225
3.8250
4.2718
3.4816
4.3267
2.9575
3.2558
4.0280
3.1290
3.4498
3.7717
3.6779
4.3941
4.0418
2.7155
3.7559
3.6614
3.1234
3.1818
3.2137
3.7587
4.1033
4.2846
3.9152
3.9622
4.2577
3.4978
3.3081
3.9096
4.2112
3.5294
4.0807
3.0058
3.1312
3.1937
1.9727
4.0999
3.2095
3.9833
3.6986
3.6082
3.9685
3.4504
1.2600
4.2460
4.0367
4.4809
2.5130
3.5999
3.8261
3.3894
3.7845
3.0325
4.2585
2.6958
4.5101
4.1242
3.4359
4.7644
3.9021
3.3027
4.1414
4.7645
3.6614
3.5280
4.4581
3.9383
3.4280
2.1197
3.0855
2.6444
3.5547
3.1025
4.0385
2.5591
3.3838
3.1473
3.2775
4.8448
4.3812
4.3750
4.2840
3.6667
3.0667
3.4306
3.3956
3.7335
3.7061
3.3729
3.8780
3.0967
3.7837
5.0000
4.1847
4.4068
3.9952
3.7060
4.4169
3.3394
2.9387
4.2210
4.0457
3.7049
2.8960
2.0487
4.0653
3.9107
2.9385
3.6836
3.9278
2.4011
3.4158
3.8974
4.2262
4.5717
3.9924
3.6428
3.0663
3.3291
3.1554
3.9152
2.1417
3.6071
3.5149
3.2286
4.5404
3.7627
3.3078
1.8854
2.8636
3.2414
4.1850
4.1493
3.6078
3.6265
2.3729
2.9091
2.0241
3.7351
2.3158
3.8024
3.5638
3.2388
3.7974
3.7884
3.1558
3.5968
4.0482
3.4340
3.1276
3.9434
3.7792
4.3313
4.0587
1.2312
3.8150
2.7287
2.8073
3.0627
4.5398
3.1276
2.8963
3.8710
3.3088
3.5227
3.6275
4.1213
3.5124
3.9701
2.8288
3.3824
3.2731
3.3546
2.9028
4.0864
4.6886
3.3638
3.9667
3.0486
3.6333
3.8593
3.7637
3.7844
3.3209
4.2898
4.3081
3.9919
3.3118
3.3082
3.5885
3.1235
4.5467
3.4257
1.7806
3.9911
4.3326
2.9704
4.0923
4.4158
3.9653
3.4062
4.1315
3.6633
3.3901
3.6495
2.9482
3.6339
3.4717
4.1447
2.9991
2.1330
3.1214
3.1393
3.3531
2.3755
3.5318
4.6895
4.4151
4.6444
3.9491
3.8585
3.9199
3.7858
2.3079
4.0064
3.1520
4.7071
4.0065
3.6113
3.3349
3.7794
2.7826
3.7764
2.4222
3.8410
2.8497
3.4481
4.6240
3.4221
3.3167
3.3338
2.4413
3.1095
4.0225
3.8800
3.8442
3.2450
3.7808
3.3785
4.3151
3.0915
2.6264
4.0938
3.5524
3.5238
4.6098
3.3888
2.9882
3.5664
3.6203
3.2389
3.0708
4.3815
2.9749
3.9007
3.5284
2.8362
4.1535
3.5274
2.9205
2.5523
2.7259
3.7427
3.7769
3.4493
4.0800
3.6023
3.5485
3.1854
4.0375
3.5938
3.6492
4.0330
3.8577
2.5607
4.0772
2.9664
4.0952
2.3647
2.7975
3.0229
2.1959
3.3648
3.3388
3.0117
4.2401
3.0544
3.3823
4.2322
3.9960
3.1407
3.5669
3.9420
3.2850
4.2314
4.1555
3.8500
3.6758
3.8496
3.7574
3.8825
3.5283
3.7448
3.8090
3.2720
2.5452
2.9135
3.5027
3.6796
3.8833
4.1589
3.6444
3.8523
3.6779
3.2342
3.7816
3.4696
2.7939
3.8746
3.2553
3.7296
3.4024
3.6085
3.4187
3.7330
2.8173
4.0749
2.5859
2.5328
3.4971
3.1186
3.0285
3.4588
3.1129
3.5541
2.8711
3.4693
3.4948
3.9004
4.2383
2.8406
4.3799
3.7603
3.3663
3.9694
4.3445
3.7437
3.0551
3.0151
3.1446
2.3571
2.9678
3.5134
3.8734
3.8809
4.0174
3.3531
3.5640
3.9457
3.4516
3.3671
3.5011
4.4600
3.5534
4.3951
2.9804
3.2718
3.1033
3.4474
3.6589
3.1150
3.0230
4.7790
2.8589
4.2301
4.1786
3.3066
3.7711
4.3300
4.3452
3.5094
4.0011
3.7986
4.4536
2.5721
3.2225
4.0000
2.8451
3.6335
3.9708
3.5167
3.9093
3.6473
4.2455
4.4315
3.9782
3.8737
3.5931
3.6587
3.1150
3.4413
4.3179
3.1473
3.5649
4.1214
3.6924
4.0269
4.0455
3.2928
3.3681
3.6082
2.7566
3.2361
4.4426
3.0964
3.9934
4.4188
4.0751
3.6666
3.3904
3.6354
2.4268
2.7372
3.2090
2.7641
3.6182
3.4612
2.6771
2.8898
3.9269
3.0111
4.0227
2.5155
3.7637
3.8244
3.4903
3.7539
2.3943
4.0642
3.3016
4.2821
3.2940
3.7220
3.4290
4.5889
3.5965
4.4899
2.9629
4.3958
2.1296
2.4870
4.3523
3.1514
4.6403
4.0930
2.5818
3.6211
3.8198
3.0283
3.2660
3.6507
3.6755
2.7386
3.7982
4.0281
4.2824
3.2249
4.4178
3.6216
3.5096
4.3161
3.8836
3.2085
2.8312
3.1087
3.1847
3.4019
3.4609
4.2726
4.7851
3.8595
3.8597
3.9533
3.0796
3.1533
4.5474
3.1318
3.4162
4.0087
3.0121
2.6470
4.1228
4.0963
3.8096
3.3994
3.4190
3.7925
2.0324
4.1040
3.2507
4.1588
3.4456
3.7981
3.6734
2.7000
2.8362
3.0995
3.8162
2.8697
4.2970
4.1776
3.4051
3.3626
3.3760
3.0585
4.1025
3.1109
2.9286
4.3232
3.8551
1.2497
3.9573
3.3186
2.9102
2.5378
2.4944
2.2418
3.5536
2.9320
3.8016
3.6863
3.7532
3.7077
3.8785
2.0791
4.0077
3.3964
3.8539
3.3882
3.8309
2.2543
3.9396
4.0136
4.2504
4.1051
3.3640
2.4088
3.3036
3.7139
4.3552
3.6451
3.4995
3.9580
3.6798
4.1148
2.5744
2.9452
2.9926
3.1398
2.8223
3.6155
3.7950
3.2960
2.7478
3.8243
4.2458
3.1863
4.2018
3.4894
3.3433
3.6925
3.4472
3.7633
3.2352
3.6591
3.5986
3.2025
3.8190
3.1130
3.1892
4.0193
3.0827
3.4391
4.0428
3.6503
3.4506
4.2440
3.8272
3.4375
4.1833
2.7526
3.0376
3.3136
3.7939
2.8870
4.1776
3.7561
3.5538
2.5096
3.0363
3.8796
3.0415
3.7360
4.0021
3.7610
3.1657
3.6174
1.9208
2.7602
2.7692
3.3093
4.3520
3.9846
3.3074
4.1759
4.0961
4.0933
2.5412
3.1228
2.6976
3.6487
3.2710
3.4382
3.2830
2.8523
3.0353
3.9825
2.6575
4.2740
3.9163
3.1808
3.9172
3.0526
4.5789
3.8181
3.8285
3.6633
3.8395
3.5696
4.2640
3.5728
4.1141
4.2552
3.8628
3.3953
3.7172
3.1179
2.8929
3.9526
3.3525
3.1261
4.3679
4.0172
3.8990
3.6261
2.7648
3.8062
3.8126
4.2073
4.4230
3.9212
3.5049
3.6388
2.5043
3.0810
2.6427
3.4447
4.0026
1.8573
3.6802
2.8399
3.3438
3.9579
4.1428
2.3984
3.9030
4.1968
4.1375
3.5929
3.7350
3.5579
3.5581
3.3444
4.0848
3.7754
2.3345
3.6874
3.5986
3.2411
4.0326
2.7526
4.0920
3.6474
3.3804
4.0664
2.7860
4.3321
3.5336
2.8001
3.3933
3.3688
2.9475
3.5657
3.9407
4.3863
3.7099
3.1487
3.2221
3.5801
4.2683
3.7804
3.1445
3.0167
3.8981
4.4057
3.8210
3.4408
3.9024
3.6688
3.3610
3.3474
3.2870
3.8280
4.0727
3.3919
2.8360
3.3935
3.6270
2.8859
2.9880
3.0495
3.5050
3.1101
3.3240
3.4413
3.3669
3.3120
3.7177
3.5487
3.3893
4.5036
4.0922
3.6675
3.8562
3.5161
4.2647
4.3099
3.7999
4.3957
4.0561
4.3189
3.1235
4.1193
4.8549
3.9777
4.1931
3.0457
3.2566
3.8147
2.8377
3.0131
4.1201
3.7172
4.2341
4.4070
3.4472
3.0012
3.6737
2.5934
3.4063
2.6770
4.1497
2.4271
4.0743
2.8088
3.1750
3.3911
4.1012
3.6174
3.2608
3.3197
4.7340
2.4054
2.6681
4.3529
2.7059
3.4488
3.1658
4.4377
3.9721
3.1976
3.7374
4.0545
2.8853
3.7945
3.7493
3.0607
2.8292
3.9762
3.3201
3.4788
3.9480
4.7088
4.4818
3.6314
3.4522
3.8557
3.7436
4.0667
4.4749
2.0598
3.7190
4.0488
3.5487
3.5428
4.0459
3.0037
3.8308
2.7639
2.5130
3.9279
2.6316
3.7244
3.7859
3.1512
3.3001
3.9316
4.3917
3.8407
2.1329
3.5071
2.7997
3.7959
3.8822
3.5961
4.1242
4.0244
3.9422
3.0992
1.8948
4.3210
1.8533
2.2645
3.5059
3.0571
3.0689
3.8713
3.9191
3.1042
4.4016
3.3614
2.8314
4.1922
3.2305
3.6311
4.2180
3.0717
3.5768
3.8910
3.7312
3.6718
4.5963
3.8768
4.1063
3.9998
4.3279
3.5368
3.2552
4.2991
3.5491
3.2459
3.4228
3.4970
3.5958
2.9596
3.6104
3.4229
4.6871
3.1012
3.4035
4.1501
3.7744
3.6143
3.8928
4.1274
3.6207
3.5376
3.7300
3.8101
3.8126
3.8765
3.8942
4.0267
4.1971
2.8006
3.6288
3.0417
3.5152
2.7146
4.2390
3.5316
3.1167
3.6050
3.5359
4.1833
3.5715
4.3836
2.3379
3.2061
4.1982
2.8892
3.4518
2.9597
2.3873
4.0051
3.4608
3.2559
4.1434
3.5411
4.2073
3.7669
3.6185
3.7605
3.1502
4.0639
2.5591
3.2148
2.8612
2.3055
3.4933
2.2485
2.9807
2.8755
3.6794
3.3863
3.8556
3.6910
1.7368
2.2826
3.5150
3.4697
2.6155
4.0405
3.5530
4.1465
4.7681
3.3140
3.4623
3.4368
3.6250
3.9391
3.0013
2.8495
3.4796
3.7443
3.7220
2.7690
2.9855
2.0394
3.1329
4.5119
3.9808
2.8283
3.5521
3.4070
2.8038
2.9762
3.5130
2.8601
3.2929
2.4125
3.3699
3.7022
3.8937
3.7394
3.4202
1.8049
3.2606
4.5233
3.8519
4.3722
3.9185
3.9216
3.3538
4.3717
3.5630
3.8445
3.3502
2.3944
3.9736
3.7191
4.4336
3.5209
3.8676
2.6520
2.8454
3.3350
3.5327
4.0430
3.5042
3.2556
3.3179
3.6204
3.5927
3.2453
2.8656
3.4489
4.0131
4.1757
3.5166
2.7232
3.1006
3.8368
4.1195
3.5461
2.5239
4.6139
1.8311
3.4167
2.9717
3.5490
2.0029
3.9997
2.5147
4.4468
3.7454
2.3832
4.1026
3.7050
3.9863
3.5569
3.8449
3.6230
3.9648
4.3348
2.7215
3.9016
3.2057
4.0609
3.4191
3.6618
2.7140
4.1163
4.2524
4.3489
3.8210
3.4823
3.7261
3.2951
4.3657
1.9923
3.4580
3.4223
4.1479
4.3460
3.4234
3.2404
3.6728
3.5176
2.5009
3.6861
3.4782
3.9494
4.3452
4.4585
3.8334
4.0852
3.8449
4.1809
3.2479
3.9318
3.9512
3.4051
4.5618
3.9749
4.1519
4.3435
4.0300
3.2544
3.0796
3.0051
3.3039
4.0111
2.6525
4.0509
2.1905
3.1088
4.1038
3.8896
3.8606
3.5831
4.5727
3.1281
3.3734
3.9273
3.7918
3.2344
3.7873
4.1601
3.9707
2.6721
3.4577
3.7943
3.7779
3.7109
3.4902
3.4195
4.0956
3.3812
3.5167
2.5024
2.7609
3.5375
3.7618
3.7293
3.6197
4.4969
3.6166
4.3633
3.7970
2.9390
2.9220
3.9348
3.8674
4.3697
3.4872
2.7041
3.3372
3.1621
3.5602
3.6232
3.6741
3.0442
3.9566
2.9256
3.9878
4.1108
3.1904
3.8435
4.2164
3.6970
4.0702
3.7614
2.8963
3.3304
3.0900
4.0420
2.6848
3.5064
3.4652
3.3750
3.1078
4.4917
3.9314
3.7684
3.5498
3.2988
3.9776
3.4699
3.0810
3.6026
3.4333
1.9186
3.7795
4.0182
3.9057
3.4187
3.9957
3.3242
4.1757
2.7789
3.5930
4.2055
4.1419
3.7727
3.4724
3.9938
3.9910
3.5474
3.5222
2.9718
3.7341
4.2094
3.9387
4.2331
3.0330
3.6512
3.1853
3.2056
3.2314
3.6000
3.5996
3.8022
3.4814
3.0233
4.2566
3.3372
3.6080
4.2806
3.7042
2.8455
2.8162
3.8608
4.2048
3.5787
3.4906
4.8868
2.0058
3.5380
3.9500
2.6940
4.0881
2.9400
3.4547
3.1100
4.0438
3.3577
3.6856
2.1035
3.9328
3.6492
3.6887
3.7304
4.0478
3.8701
3.7708
2.4920
3.1330
3.5102
3.7577
3.0421
2.5351
4.3304
3.1558
4.1325
2.9192
4.6014
3.5117
2.9389
3.8112
4.3828
3.7295
3.6735
4.1032
3.3622
4.3342
3.9238
3.6878
4.2356
4.1728
4.3236
3.8162
3.3159
3.7215
4.1979
3.2477
3.1009
1.6308
3.6877
3.9174
3.3283
2.6461
3.2259
4.2386
3.4638
2.5725
3.1456
4.6302
3.7427
3.0936
3.4475
3.0836
4.1706
4.2383
2.2575
3.1933
4.2252
3.2072
4.2005
3.4600
3.5654
2.6843
3.9828
3.8010
3.5991
4.5122
3.0266
3.2529
3.4012
3.4882
3.6047
3.3938
4.2103
2.6592
3.5653
4.5278
3.6566
3.8028
3.2245
4.4422
4.3638
3.2231
4.5395
3.8433
3.9289
3.1414
3.8899
3.1773
4.3957
4.0351
4.2826
4.0757
3.3245
3.6295
2.1985
4.0078
4.0653
4.2118
4.4608
3.6609
3.1459
3.2971
4.1839
5.0000
4.4681
4.1808
3.3028
3.4060
2.9778
4.1457
3.5529
4.3498
3.7106
4.0447
3.3029
3.9790
2.3289
4.3247
3.6896
4.5048
3.1378
2.4917
2.4993
3.2476
3.8532
4.3676
3.7195
3.6702
4.2128
3.3766
2.9816
3.9208
3.8309
3.1241
3.7461
2.5939
3.9693
3.3178
4.7895
3.5398
4.3506
3.5220
3.6662
4.4039
2.4864
3.0113
4.1994
4.1238
3.3432
3.8728
3.8172
3.0748
3.2080
2.7605
3.7020
4.2842
3.3984
4.2924
3.5200
3.1966
3.9680
3.1575
4.6446
2.7098
3.0368
3.4020
3.3823
4.0385
3.0545
3.8375
4.1261
2.6502
3.3324
3.7200
3.3850
3.8319
3.7804
4.5213
2.6913
2.9469
3.9141
3.4436
3.0664
3.3424
4.0179
3.3711
3.3963
2.8645
3.5870
3.4173
3.0723
3.9905
3.1929
3.6763
2.9132
3.8586
3.1643
4.3887
2.8364
3.6990
3.2850
3.3098
4.3592
4.1154
2.8649
3.7910
2.5378
3.1174
3.7436
3.9733
2.3771
3.9427
3.9030
4.2934
2.6233
3.0377
2.7085
4.1898
3.6659
3.0914
3.7078
2.7756
4.2262
3.3347
2.7371
3.4080
2.1808
4.1241
3.0403
3.5488
4.0007
4.4590
3.7399
4.0281
1.8074
2.6925
3.5629
4.3813
2.9339
3.4485
3.6548
3.2757
2.3241
3.8353
4.7407
3.9056
1.8547
3.7370
3.9247
2.6383
4.0769
2.8642
3.4339
3.8263
3.6736
3.9980
3.8615
3.9076
3.3153
3.7978
3.3248
4.1927
4.1991
3.2606
4.0766
2.7469
4.3947
3.2845
2.2211
3.5874
3.0651
3.6474
4.7265
3.3333
3.1967
3.5019
3.9054
3.0728
4.0260
2.5085
3.9615
4.5858
3.2189
3.8078
3.8796
4.1595
3.4884
2.9153
3.9308
2.9659
3.6822
3.8201
3.0144
3.2083
3.0155
3.7206
2.9106
4.2549
4.1407
3.4610
2.9964
3.4726
3.3858
3.3026
3.7187
3.0212
2.3664
3.3618
2.0305
2.9726
3.3273
3.2377
4.5229
4.3677
4.4067
3.2451
3.4418
3.8946
1.9587
3.9795
3.6307
2.4333
4.0012
3.7001
4.1236
3.9888
3.4762
4.2262
3.7446
2.7306
4.3279
4.0902
4.3361
3.4057
2.0294
3.0713
3.9745
3.9357
3.5626
3.4292
3.0871
3.1786
4.1503
3.6539
4.4775
4.8389
3.5312
2.9284
2.1219
3.2105
3.9482
3.8939
3.3595
4.0856
2.9719
2.7874
2.2472
4.0625
3.3170
4.1930
3.8690
2.9387
4.1597
3.2399
3.9035
4.1444
3.5655
2.4788
3.9266
3.3188
4.0908
3.9124
2.5944
3.4038
4.1201
3.4887
3.6856
3.8068
3.6837
3.6361
2.6240
2.9327
3.1018
4.0990
4.1330
3.1397
3.9819
3.1192
3.9623
3.8099
3.1435
3.6115
3.6046
3.4519
3.5333
2.4696
4.5376
3.8640
3.8587
3.9650
3.9660
3.9701
3.4358
2.7704
4.6752
4.1488
3.3639
3.7590
3.0969
3.2587
4.0860
4.5129
4.4757
4.3891
3.9208
3.3929
3.5118
3.7686
3.3688
3.8757
2.8300
3.7483
4.4952
3.7642
2.8615
3.5150
4.2388
2.3829
3.9085
3.7373
1.9081
4.1413
4.2773
3.5550
3.1728
2.7734
3.8785
4.1213
3.0070
3.8083
2.4670
2.7780
1.7888
3.5657
3.3705
3.3532
3.9776
4.4546
4.0031
3.8056
2.9527
4.0454
3.4090
3.6268
2.0574
3.3046
3.5966
2.8916
2.9053
4.1885
3.4752
4.0271
4.0754
3.9708
3.0001
3.3632
4.3628
3.9278
4.2135
3.1518
3.3040
3.3686
3.7835
2.8475
3.1510
3.9576
3.4162
2.9997
4.1195
2.2798
3.6078
4.1640
3.8358
3.3742
2.8119
4.0260
3.1500
3.7700
3.7105
3.7118
2.6929
4.1175
4.1418
3.3453
3.3116
3.8426
3.1147
3.1611
3.7165
2.3938
4.2753
2.5224
3.3258
3.4418
3.0416
3.7956
3.2972
4.3843
2.6414
2.4927
2.6730
3.5074
3.4201
4.3215
2.6849
3.7354
3.0904
2.9272
3.3689
3.3271
4.6467
4.1707
3.4696
4.0218
3.3149
2.9113
3.5785
3.2905
3.9426
4.1995
3.7559
2.9086
1.3513
3.5189
4.1904
3.6199
3.7915
2.1312
3.4628
3.2747
3.2228
3.7802
4.4009
2.6161
3.7895
4.1428
3.2728
3.1929
3.4514
2.7199
3.3547
3.7194
3.3034
2.7142
3.9584
3.5616
3.3961
4.1494
3.6517
2.7597
3.9177
4.0463
2.8217
3.6407
3.3718
3.7420
2.6169
3.4550
3.3868
3.3108
3.2538
2.9349
3.9750
3.0615
3.3632
4.0764
4.2729
3.4963
3.3364
4.0207
2.6380
3.4822
4.0262
3.2540
4.2212
3.6003
2.7695
3.0516
4.7838
3.0935
3.9469
3.5441
4.6900
3.4555
2.9646
3.6057
3.4805
4.0916
3.6265
3.6672
4.3748
3.8950
3.9233
2.4901
2.8578
3.4344
3.8643
3.8837
2.8992
3.7116
3.3500
3.3333
3.7166
3.9184
2.6169
2.6036
3.1480
2.8553
3.5215
3.1660
3.8483
3.6142
3.1859
3.6518
3.8967
3.5228
4.4458
4.0791
3.4186
4.0508
2.4113
2.0634
4.0642
3.3202
3.0117
4.3484
3.3290
3.6312
3.4772
3.4128
3.4356
4.0495
2.6468
4.1590
3.6041
3.4789
3.6631
3.4151
3.9974
3.7129
4.0882
3.7645
3.9458
2.9124
3.3171
4.2372
3.0521
3.7936
4.1187
3.0262
3.8264
3.2133
3.8393
2.8990
2.5466
3.3413
4.5860
4.9898
2.8762
3.7533
3.1955
3.2294
1.7116
3.7798
3.1321
3.7056
3.1935
2.8018
4.0462
3.8495
3.7981
3.4523
3.8616
3.4061
3.7356
4.0632
2.5683
3.3065
3.6553
4.4567
3.8946
4.7010
2.9071
2.7475
2.8582
4.2509
2.6435
3.3670
2.8289
3.3805
3.9392
3.3678
4.2187
2.9606
4.0156
3.2735
3.2141
3.5033
4.1657
3.7398
4.0840
3.0802
2.9662
3.9606
4.3195
3.5200
3.1817
3.0172
4.3782
3.6798
3.4937
4.0963
3.2008
3.0930
3.6434
3.9596
3.3960
3.4643
3.1920
3.7470
2.9631
4.3456
3.8265
3.9767
3.8486
3.5094
4.5229
3.7733
3.3510
3.7554
2.8403
4.0320
3.7283
3.6127
2.7475
3.4843
3.1023
3.8260
3.6019
3.4676
3.9915
3.7266
3.8006
4.6463
3.9441
3.0703
4.2078
3.1325
2.3377
3.9787
3.2620
3.5351
3.7096
3.3191
4.0452
2.9136
4.1288
3.6221
3.7048
3.6778
3.3705
3.7125
3.4851
3.7728
3.1512
3.8040
3.2625
3.1325
3.6930
4.1936
2.9744
2.6790
3.0788
4.0331
4.2206
3.2335
3.4690
3.1147
3.8439
4.2909
2.8636
2.9801
3.9490
4.3894
3.4767
3.7560
4.3549
3.9148
3.6841
3.8274
2.7181
1.0000
3.5541
3.8132
4.1703
3.4620
3.4099
3.2547
3.0436
3.9121
3.5820
4.2462
4.2081
3.8515
2.9242
2.7685
3.7563
4.3337
3.0841
4.2938
3.4680
3.9555
2.3410
3.4015
3.1296
3.5192
3.4348
1.2963
3.8915
2.3852
4.2826
1.3604
1.2473
4.3127
4.3234
4.0056
1.3508
3.0676
4.3041
1.0128
3.0501
3.5483
3.1320
3.9351
4.1762
3.2049
3.8905
4.1679
3.8171
3.4773
2.8668
4.7364
2.0875
3.2332
3.7982
4.2108
4.1279
3.8028
3.9827
4.0003
3.9805
3.6772
3.3682
4.5635
3.2240
3.9740
3.0869
3.5585
2.8317
3.6345
3.3838
3.1659
3.7976
3.4120
3.5520
3.6529
2.6551
4.0897
4.6245
3.5314
3.3106
4.2530
3.8859
2.5587
3.1380
3.7318
3.0387
3.6787
3.9220
3.7482
3.9303
3.2666
3.3809
3.5900
3.9861
3.1160
4.1244
4.0914
3.1468
4.2494
2.1457
3.2605
2.4802
3.3318
3.7791
4.0774
3.6935
3.1587
4.2191
3.5987
4.0554
2.9060
3.8697
4.2670
2.8406
3.4914
3.3321
3.6354
3.6321
3.9201
3.1205
3.4411
3.9687
3.7959
3.0516
3.9201
2.7578
4.3438
3.2392
2.6465
3.7724
4.0739
3.2330
2.9755
3.0183
3.1631
4.1002
2.5557
4.4382
3.9504
4.0292
3.7767
2.9508
3.4427
3.5920
3.8760
3.5021
3.3804
2.3039
3.5640
2.7164
3.7753
3.7915
3.3463
3.1713
3.4453
2.2352
3.7269
3.7760
4.0250
3.4816
3.6403
3.4218
1.5204
2.5740
3.1751
3.4590
2.9177
3.7455
2.9950
3.9284
3.9915
3.5785
3.5637
3.5113
4.3467
2.4997
3.6124
2.5943
4.1409
3.2264
3.6577
3.2693
3.9979
3.1199
3.9308
3.0265
3.5234
3.7138
3.8018
3.7964
3.8081
2.6958
2.6098
2.8309
3.2130
3.1600
1.7156
4.5482
3.6217
2.8134
3.5308
3.6017
3.6091
4.0125
2.3634
3.0591
3.7803
4.0686
3.3461
3.7491
3.9538
3.5749
3.4882
2.8940
4.4641
4.0618
3.9173
4.9697
2.3225
3.2013
3.9674
3.7009
3.5262
3.5230
3.5392
4.4595
3.2416
3.9881
2.1294
4.7997
3.1574
2.3534
3.0378
3.0478
3.6341
3.8367
3.4469
3.4986
4.2271
1.9574
3.1690
4.1628
4.1088
3.8297
4.0753
3.7238
3.0366
4.1486
3.2479
3.8528
2.9094
4.1139
3.1841
2.9696
3.1531
3.1884
3.6316
3.5752
3.7363
3.7016
3.1147
4.0669
3.3475
3.0198
4.5563
3.4398
3.6062
3.5610
3.0471
3.4913
2.0914
3.9369
4.4976
3.3612
2.7608
3.6262
2.7806
2.7388
3.2330
3.9566
3.8440
4.3732
2.7422
3.8674
4.2320
2.3682
3.9236
1.9944
4.0596
3.6003
2.2330
3.5620
3.2269
4.0264
4.0549
3.8584
3.0746
2.4645
2.9061
3.1345
3.3185
4.0769
2.1571
4.2199
2.7294
2.9771
3.2641
4.2782
2.5333
4.0017
3.4477
2.9313
2.7277
3.7734
3.9333
3.2748
4.0640
3.6695
4.3241
3.6212
3.2855
3.3031
3.7479
3.8268
2.3682
4.0821
3.2305
3.9054
4.1825
2.9095
3.5666
4.2993
3.7276
3.3135
3.9205
3.8824
4.4834
3.4053
2.6994
4.4008
3.1109
4.2241
4.6709
3.1589
3.6029
1.8784
2.8001
3.2373
3.5432
3.4298
2.6133
3.4539
3.8248
3.7581
1.9301
3.5419
3.2324
3.3265
3.8416
4.0943
4.2594
3.2169
2.4723
4.2331
3.8862
3.0180
3.2725
3.1785
3.9154
4.0606
3.3568
3.2317
3.5033
3.1680
3.7238
3.5982
3.3225
3.0414
3.3353
4.2812
3.8501
3.4045
4.0029
3.2403
2.4036
3.7905
3.1722
3.2985
4.0393
2.5182
4.2380
4.0731
3.9334
3.2729
3.6695
3.8903
3.1597
3.2220
4.2869
3.2439
3.0837
2.9880
2.6381
3.9190
3.8923
3.8398
2.3940
3.4428
4.5430
3.9219
4.8623
4.0600
4.5486
3.6254
4.0359
3.6148
4.2839
2.3191
3.3938
3.9053
4.2471
2.8042
3.3718
1.7814
4.2679
4.1957
4.7226
2.1351
3.2194
3.4861
1.8846
4.3801
4.0887
4.0041
3.7433
2.1654
4.3439
4.2885
2.9889
3.5107
1.5794
3.8113
3.6057
2.9732
3.4153
3.6629
4.0833
4.2330
3.6976
4.9733
3.4162
1.4337
1.8932
3.6019
2.6195
4.3377
4.6972
2.7430
3.8285
3.8965
3.3413
3.5548
3.6918
4.7223
4.0460
3.5949
3.9868
3.2896
3.3214
2.9160
3.3388
4.3021
3.3857
2.8956
3.7276
3.6467
3.5864
3.1198
3.1531
3.7734
1.4267
1.5741
3.6774
3.0634
3.5548
3.4904
3.4323
2.7704
3.3613
2.7439
2.9814
3.9648
3.8344
3.9830
4.0055
3.1374
3.7173
3.5990
3.1700
4.5811
3.2723
2.6661
3.3534
3.0782
4.3780
4.1017
3.2087
3.4737
2.8762
4.0540
3.1175
4.0798
3.9087
3.4857
3.7020
3.0614
3.5589
4.0255
4.0003
3.8090
3.7154
4.1294
2.9595
3.4164
4.3138
2.6539
3.2671
3.9123
3.3023
2.9032
3.4594
3.2601
3.7106
2.7795
3.4310
3.9544
2.0079
3.3694
3.0652
3.7448
3.6757
4.9513
3.8823
4.1016
3.2881
4.0224
4.1666
3.2356
3.3831
3.9734
3.6159
3.8513
3.4675
4.2527
4.1505
3.5478
4.1106
3.2796
4.1115
3.2388
2.7367
3.9464
4.0866
3.1902
4.2158
4.1432
4.1322
3.1540
4.1216
3.8239
2.8471
4.3368
3.5499
3.6387
3.5514
3.6395
2.8648
2.1689
4.4986
3.2579
3.9019
3.5051
3.2638
3.3975
2.4811
4.3031
4.1216
3.8580
2.9411
3.1516
3.3046
3.9113
3.4268
4.2943
4.1594
3.6249
3.8169
2.9947
2.9373
2.1071
3.5287
3.7750
3.4607
3.2852
3.2327
2.7070
2.9169
2.7003
4.1943
3.6151
3.1242
3.8057
3.2449
3.8871
1.8006
4.4202
2.6536
3.9263
3.0929
3.3583
3.5772
4.0295
2.3132
3.6958
3.2412
3.7651
4.5316
3.7565
2.6192
4.2234
3.6228
3.4679
3.6471
3.2845
4.6699
3.0040
2.7913
3.5345
3.4332
4.1361
2.6494
3.6801
2.5177
2.7663
3.5941
3.7741
3.7646
3.3787
3.6521
4.1731
3.4787
3.4197
2.7803
3.2591
3.6562
4.0748
4.6776
3.4517
3.4106
3.5726
3.0084
3.2940
2.1594
3.5215
2.7370
3.1201
2.9329
3.3528
3.4708
2.7171
1.9113
3.4169
3.4970
3.7688
3.5088
2.0002
3.9918
4.7693
2.7655
4.0355
2.2859
3.3324
3.4440
4.1354
3.6898
2.6862
3.0171
3.6147
4.1429
3.9066
3.8399
4.0140
3.3872
2.8327
2.9925
4.2255
3.0056
3.4757
3.7072
4.6186
4.7071
4.5302
3.3436
3.4462
3.9558
3.0072
3.0090
3.6084
3.5046
3.9316
2.6306
3.3016
3.2317
3.8709
3.3422
3.8467
2.7773
4.1114
4.0977
3.9158
2.7533
1.5951
3.7400
3.1987
3.4421
4.0120
3.2042
4.0855
3.6739
3.1170
2.5291
4.0005
3.9917
3.2927
3.3650
4.3385
3.0573
3.1568
2.9978
2.8343
2.4040
4.0817
3.2996
3.6996
2.9565
3.5826
4.2592
4.2319
2.8269
3.3871
2.9081
3.7333
4.1163
3.1771
4.2361
2.9003
2.9151
4.3947
3.0494
3.7852
3.7747
3.8281
3.8375
4.2200
3.5608
4.2831
3.0214
3.4728
4.1315
3.7073
3.8385
4.0575
3.7211
3.7501
4.3048
3.6361
3.6478
3.8382
3.8917
4.2959
3.4596
3.4582
2.8482
2.8191
3.6136
3.6823
3.3441
3.7609
3.7233
3.7387
3.1578
2.1871
3.8873
3.4010
4.0708
2.6965
4.5633
3.5921
4.0394
3.8472
2.9863
2.3079
3.2752
3.4727
2.2940
3.8944
2.3333
4.3931
3.0351
3.4296
3.2334
3.8200
4.0703
2.7733
3.5249
3.4819
3.7459
3.8337
3.8718
3.2025
3.8197
3.6782
2.5808
3.1616
3.0500
3.0432
3.0740
3.5073
3.5499
4.6179
3.8453
3.3019
3.6646
3.7361
3.3231
3.1274
3.9018
3.3960
3.5663
3.1991
3.2205
4.3698
4.0163
2.4809
4.2677
3.7107
4.4266
3.9991
3.7001
2.8603
3.6470
3.8647
4.0927
4.0524
4.2188
3.7248
3.8680
1.4177
4.0808
4.0686
3.8865
3.0243
3.9419
3.7137
4.2935
3.2509
3.2764
3.4771
4.2860
4.4345
2.8231
4.3174
3.5962
4.1618
3.3792
3.9364
3.8761
3.4578
3.3173
4.3787
3.5236
2.8663
4.2552
4.0383
2.8080
3.9705
4.1323
3.6839
3.4589
3.5460
4.0701
4.2569
3.2938
3.8857
4.4195
3.0919
3.4797
2.7178
2.5048
3.9380
3.9367
3.4740
3.2006
3.2996
3.9112
3.5195
3.5623
3.4945
4.3157
3.4747
2.4514
3.4617
3.7920
4.1033
3.3238
4.5569
2.9893
3.6683
3.2159
3.3736
3.4856
1.8266
3.7612
2.0291
4.1650
3.4061
2.7953
3.7052
4.2018
3.5477
3.4428
4.2138
4.2934
3.1601
3.3460
3.3066
2.5815
4.2997
3.1363
4.1631
2.6581
4.6241
3.6946
2.1903
3.5287
3.4521
3.5730
3.2417
3.6253
4.3696
3.3391
3.5051
3.4172
3.2612
3.7134
3.9874
3.1267
4.2961
4.2495
3.7938
2.4765
4.2247
4.2502
3.4587
3.2740
3.9868
4.0333
3.5416
3.9771
4.2235
3.3112
3.9187
2.5509
3.2947
2.2452
4.3348
3.5389
4.4928
3.7812
3.3885
3.0927
4.0507
3.9180
4.2454
3.6552
3.9822
3.6701
3.5497
4.1842
3.6935
1.5257
3.6335
3.1016
4.3390
3.4949
4.1736
2.9353
3.2710
3.2283
4.3251
3.2375
4.1681
3.4673
3.2265
3.4750
2.6419
3.5382
3.4072
3.4466
3.9257
4.2925
2.6812
2.8475
3.4009
3.6324
3.5103
3.1941
3.6068
2.7733
2.6724
3.4508
2.9647
4.0766
2.7961
2.9988
2.6945
3.5525
3.4415
2.8140
2.7851
3.5261
3.7578
4.0866
3.0414
3.8725
1.3808
4.3850
3.4807
3.8092
3.2990
2.5433
3.4971
4.0350
2.9693
3.2415
3.4070
3.5007
4.1651
3.0093
3.5285
2.9992
3.5812
3.2988
3.4290
4.1110
3.7505
4.0185
3.3831
3.9554
4.0269
4.4549
3.9674
3.3277
3.2351
3.9863
4.7214
2.5505
4.0072
3.7476
2.7387
3.7318
4.2686
3.4901
3.5605
3.4959
3.0595
3.3230
3.4855
2.0534
3.4952
3.6236
2.6683
4.0627
3.7697
3.5466
3.6768
3.3786
2.9703
3.0001
4.2505
3.2134
3.6522
3.2692
3.2870
2.8340
4.0603
3.8987
4.6532
2.5356
3.1564
3.4544
4.4307
3.6183
3.6231
3.8410
4.1080
3.8161
3.8632
3.3240
3.6014
4.5870
3.3328
3.7288
2.8057
3.3227
4.0017
2.6940
3.8467
3.5051
3.8988
4.1780
3.0555
4.2437
4.4400
4.6137
3.3409
3.5397
3.8126
4.1457
3.2961
4.1605
3.7814
3.6845
3.4472
2.2021
3.9037
3.6717
3.7802
3.1970
3.5979
2.5922
3.7194
3.7677
4.0612
4.9376
3.9246
2.8963
2.9735
3.4733
3.7130
3.7089
3.4644
3.3394
2.6491
4.2692
2.7786
3.4512
2.9779
3.4969
3.9437
4.1147
3.8515
3.6442
3.8995
3.9274
3.7501
3.5839
3.9964
3.8104
2.9533
3.6810
3.8511
3.5018
3.0897
3.3647
4.1341
3.6409
3.6843
2.9167
3.4853
3.0851
3.8244
2.7689
2.8461
4.2541
3.7997
4.4109
3.4382
3.2742
4.4753
4.6019
3.6857
3.1066
3.4857
2.3244
4.0322
3.7802
3.7300
4.2878
4.4129
4.3253
3.3449
3.7488
3.8842
4.3512
3.8069
2.6771
4.0350
2.3584
3.9725
2.4306
2.7007
3.2126
3.0646
4.2341
4.3551
3.3295
3.3342
3.4528
4.1624
4.3141
4.1542
3.9973
2.7987
3.7630
3.1888
3.8661
3.4363
4.0193
3.7365
3.7567
2.7781
3.0910
2.0270
3.9233
4.5784
2.9311
3.6949
2.5726
3.8295
2.8341
3.5014
4.2641
4.2537
3.7381
2.7151
2.6152
3.5536
3.0250
3.1665
3.8113
3.5294
3.0348
3.5692
3.5241
2.7773
3.0538
3.3072
3.0927
4.1860
3.4715
3.2199
4.2332
3.2208
4.0210
2.9225
3.2283
3.2776
3.7410
4.1970
3.8852
2.2836
4.0323
3.9571
4.1852
4.2785
3.1220
3.7415
3.6728
2.2873
3.1709
3.6352
4.1095
3.8524
2.7693
1.9120
3.9605
3.1780
3.3743
3.2803
2.4767
3.7358
3.8120
4.5354
3.6636
4.1649
3.3781
3.1498
3.3608
2.8516
3.4631
1.4857
4.1443
2.8466
3.1477
3.2062
3.6983
4.2713
3.5526
3.9904
3.1838
4.0618
4.8123
3.3946
3.9049
3.5614
4.1775
3.4712
4.1200
3.6762
3.6708
4.0693
3.8653
3.3666
3.6293
3.6031
3.6213
4.4205
2.1574
3.1938
4.3820
4.1045
3.4011
3.4639
2.9843
1.9959
2.9349
2.9143
3.0936
3.9728
3.3479
3.8055
3.6652
3.9486
3.0246
3.9422
2.9225
3.2001
3.5891
3.8008
2.8157
3.9137
3.5227
3.4690
2.9493
4.2018
3.1734
3.8598
4.0279
3.1652
4.0273
3.6754
1.8511
3.4164
3.0058
3.4054
3.8193
3.4656
3.8877
3.6884
2.7927
3.9793
3.6746
4.3772
3.2929
4.0422
3.9352
4.1569
4.2495
3.6814
3.9065
4.3470
2.1882
4.3603
2.7858
1.8863
3.2266
2.2105
3.3623
3.4172
3.9444
4.2989
2.9720
3.5783
2.5653
3.3980
2.7287
3.7692
2.6365
4.3070
2.4882
3.3112
3.1745
3.6236
2.8440
4.1408
3.4662
4.5566
3.8635
3.5667
4.6789
3.4544
3.1623
4.5917
3.5311
2.5932
4.1141
3.6801
3.2415
3.7949
4.0352
3.3605
4.0643
2.9035
2.8720
2.9465
4.1411
3.9100
3.2540
4.4482
2.6636
3.3260
3.3086
3.3959
3.3200
4.2412
4.2605
3.5821
3.9368
3.5593
4.5241
3.4617
3.4463
3.9226
2.9608
3.4891
3.4337
4.5158
4.1137
3.4239
3.7382
3.8659
3.3702
3.8708
3.5407
3.2823
3.9605
3.3513
3.9315
3.9328
3.0676
3.0574
4.0420
3.4863
4.1818
3.0291
3.6580
4.1493
4.0143
3.8563
3.6510
3.5699
3.9029
3.5960
3.6920
3.6002
2.0480
3.4742
3.8221
4.4939
3.2873
4.0186
2.5852
3.7322
3.1078
4.2780
3.5868
3.8851
4.1274
2.5431
3.1063
2.9791
3.6065
4.8296
2.7577
1.9853
4.1064
3.7026
3.2864
3.4069
1.8586
3.2957
3.7721
3.4898
3.9153
2.7009
3.7998
4.1447
3.3753
3.6175
3.8040
4.2436
2.7076
3.2363
2.5878
3.7191
4.4768
3.0940
4.0198
2.3469
3.1236
4.6542
3.9495
3.4089
3.8111
2.9191
4.3490
3.4238
3.9891
3.1822
2.4211
5.0000
3.7067
2.0854
3.9347
3.8871
3.6141
4.2970
3.4378
4.6159
2.5770
3.7360
3.3795
4.1217
2.6629
3.8931
2.2714
3.6829
3.3211
3.2222
4.0039
4.3471
3.6950
4.3047
3.1953
4.2056
2.9986
4.3588
4.0904
2.9834
4.6614
3.8259
3.3623
3.5416
4.0828
3.2027
4.1989
2.4850
4.5364
4.0981
3.6632
4.1079
3.1757
3.5983
4.2035
2.1075
2.4945
4.2184
3.2655
3.0977
3.2109
3.6117
3.2466
3.6255
4.0875
2.1173
3.3819
3.6523
3.7383
3.6922
3.8029
3.9515
4.3766
3.6338
3.7690
4.1089
4.1849
3.3808
3.7359
2.8829
3.7728
2.9271
2.8213
4.5366
3.0941
3.8905
3.0517
2.3379
3.2071
3.4752
4.1020
4.1826
2.2667
2.7845
4.2270
4.0909
3.9118
4.1126
3.1590
4.3197
2.7174
4.5104
2.7252
3.2496
3.5722
3.8934
4.0244
3.0823
4.6873
3.6018
3.8775
4.4379
3.5355
3.1960
3.2114
3.3823
4.1883
2.9341
3.6078
3.6475
3.0102
4.2829
1.8677
3.0058
3.0808
4.3390
4.0307
4.2341
2.7221
3.0337
3.4690
2.8906
3.9243
3.7120
4.1165
3.8289
4.1833
3.7373
3.9999
4.2648
4.6345
3.3624
3.9954
3.5022
4.3705
3.1901
3.3639
4.7041
3.2018
3.2179
3.4100
4.2153
3.8322
2.7360
2.7313
3.9037
3.3124
4.4570
2.4591
3.8300
2.0111
3.6989
2.0922
3.9167
3.5835
4.1266
3.7976
4.1870
4.4262
2.9178
3.6267
2.0487
4.4989
2.6981
4.1366
4.1652
4.0840
4.2200
4.0335
4.0990
3.0213
3.4717
3.9679
4.2204
3.1354
3.7082
4.7041
3.2252
2.5820
4.0012
3.2523
3.6748
3.5654
3.7997
2.3362
2.8786
3.0548
4.1550
4.2729
4.3058
4.0891
4.1011
3.6717
3.8723
2.8820
4.3628
4.2700
3.6656
4.1765
3.7736
2.4034
4.9499
3.7120
3.3110
2.8954
2.8254
3.2708
4.0767
3.6010
4.0062
3.2762
3.3864
4.4172
3.9835
2.6985
4.1355
3.4962
3.2160
3.4228
3.0420
3.2067
3.0951
3.7796
2.3601
3.8690
2.9919
3.1133
3.0641
4.0404
1.5497
3.6776
3.4003
3.4035
2.8978
2.4135
3.4696
2.6926
4.0539
2.7502
4.7475
3.3663
3.9076
3.7662
3.4755
4.1493
3.9400
3.5589
2.7208
3.8334
3.3336
3.5888
4.0281
3.5159
3.3712
3.3596
3.5329
3.0363
2.4413
2.7528
3.1814
4.3931
3.4881
2.6681
3.4500
3.1587
3.5739
3.2786
3.8950
3.3602
3.0529
3.3391
3.3674
4.1385
3.9890
3.2101
3.9552
4.0748
1.6676
3.1885
4.2772
3.7595
4.0445
2.4060
4.6122
2.6310
3.9105
2.8856
3.9638
3.9739
1.8427
3.2756
3.7185
4.6620
2.6829
3.7036
3.6084
3.8272
3.9064
3.1628
3.2088
3.1726
3.2946
3.2413
2.8842
2.7132
4.0200
3.6851
3.7835
3.0691
3.3067
3.5449
3.4827
2.7957
4.6499
2.5242
4.0715
3.4177
1.8849
2.8528
3.9084
4.0731
3.6192
4.2861
2.4273
3.4780
2.9363
3.5569
3.9478
2.9527
3.3211
3.1359
4.2065
3.7479
3.7145
3.5428
4.1451
4.2396
4.4051
3.1380
4.0754
3.5731
3.6890
3.7545
3.3759
3.6411
2.5558
3.7052
4.1065
3.0250
3.8054
3.3316
3.5711
3.2181
3.0664
3.9810
4.0306
3.6604
3.7220
3.9754
4.2047
3.9093
3.4098
3.5467
3.5178
1.8873
4.8913
1.9139
2.7238
4.0468
3.5439
4.1205
2.2122
1.5944
3.2435
3.7278
1.9782
3.6616
3.7360
3.7629
3.5841
3.8917
2.5838
3.5524
4.4440
4.3074
4.0957
2.3563
3.5469
3.3800
3.0447
3.5535
3.7812
4.1788
4.2147
2.7778
3.6142
2.7448
3.9821
4.6304
3.5218
3.8474
4.1975
4.5533
3.5586
4.1028
2.9560
3.7758
3.5268
3.4315
3.2368
3.2564
4.6390
4.1805
3.6378
1.8825
2.9409
3.7936
3.2015
2.8756
4.0283
2.9222
3.3290
3.1946
3.4014
3.6541
4.1911
3.5000
3.2621
4.0265
3.0662
3.5618
4.4957
3.7628
4.1481
3.1371
4.0909
3.7304
3.9663
3.9616
3.4097
2.9931
4.1017
3.2559
2.2479
4.3607
4.2623
3.4153
3.3148
3.2607
4.8147
3.9947
2.0053
4.1235
3.2654
2.7995
3.6185
4.0850
3.9414
4.1402
2.7243
3.9507
3.1313
2.2600
4.0725
3.9888
3.5969
4.0571
3.3842
4.1160
3.5564
4.1912
2.9667
2.6742
3.6165
2.9853
3.5169
3.1266
3.4102
3.5360
3.5334
3.8710
4.4161
3.0110
3.3521
3.9010
4.7339
3.1808
3.2970
3.2812
2.2298
2.8294
3.4681
3.8123
4.0280
3.7626
4.1483
3.4169
2.5358
2.8420
4.0964
3.7594
2.8665
4.2228
2.0634
4.6136
2.9405
4.1560
3.8331
3.1353
2.9027
2.6589
3.5655
2.7610
3.9084
4.0792
3.3339
3.0337
4.4288
4.0613
3.5060
4.2576
4.1612
1.9860
3.8992
3.2240
3.5780
4.0800
3.5551
3.5450
4.3032
4.1211
3.3066
3.6341
2.5250
2.8159
3.8421
3.9954
3.7948
3.0263
3.7068
3.4949
4.2744
2.7940
2.7793
3.6455
3.4860
3.2034
3.5513
2.4603
2.8696
2.5150
2.7702
4.0880
3.4954
2.9477
3.8771
3.3794
4.1135
3.6715
4.4098
3.5337
4.3392
3.6625
2.7038
4.0482
2.5716
3.5405
3.7092
3.7480
2.8126
2.2713
2.2374
3.3101
3.7487
4.2370
4.2809
3.4327
4.0387
3.9771
2.9899
3.8245
3.2923
3.9563
4.2312
3.8745
3.2769
3.6166
3.9498
3.4263
4.1773
3.1269
3.8799
2.5796
3.8390
3.6729
2.5770
3.5374
4.4240
3.9056
2.0899
3.9072
3.4687
2.6012
3.3371
3.5095
3.5632
3.8081
3.8186
4.1476
4.3415
3.9342
3.4894
3.6319
3.9606
3.4601
3.1147
4.1078
2.7456
3.8537
3.7428
2.6175
3.3264
3.4232
3.5286
2.7890
3.4407
2.6944
2.8132
3.6288
3.1205
3.0482
4.0445
3.7386
3.8415
4.7612
3.9181
3.8311
3.1201
3.5195
3.9237
4.2400
3.9176
4.4154
3.1460
4.0833
4.2908
2.9327
3.8787
2.7622
2.8750
4.1900
4.7664
4.0202
3.6832
3.5429
3.2989
3.5167
3.7504
3.7092
3.8970
3.5757
3.5426
3.6695
4.3342
3.5117
3.5637
3.7312
3.4893
4.1980
3.9856
3.5032
3.4802
3.7311
2.9453
2.6320
3.7483
4.0719
4.1125
3.7286
3.8674
3.9979
3.9321
2.5991
3.6959
2.6950
3.8643
3.1911
2.9249
2.7028
3.4248
3.5294
3.6747
3.7857
3.5338
3.6871
2.7181
3.9163
3.7366
2.9557
3.7969
2.7654
2.6684
3.8993
3.8307
3.7969
3.4126
3.4158
3.8828
3.6304
4.6490
4.0645
3.9650
3.4673
3.1629
4.0241
2.8103
4.0252
3.5439
3.6005
3.3716
3.9538
4.3281
2.6983
2.6748
3.6074
3.8181
3.4548
3.7557
4.2189
3.9733
4.0721
3.5894
4.0115
3.9850
3.6097
1.8881
3.3912
3.7910
3.7751
2.2520
3.7945
3.6013
2.9916
3.0837
4.2046
3.9876
3.7573
3.6517
2.8571
2.9163
3.2905
4.4310
3.6363
4.6848
2.8265
3.7845
2.0470
3.1233
4.1679
2.5055
3.9131
3.8285
3.6925
3.5900
1.8983
2.9453
4.3348
4.1082
3.3652
3.8816
2.5007
3.8148
4.0548
3.3114
4.1111
3.9985
4.6028
2.4257
3.9179
3.1323
3.9788
3.7763
4.0693
3.6451
3.3061
3.9025
2.3016
3.1021
3.8864
2.9811
3.9848
3.2964
3.8488
2.9212
4.1479
3.3140
4.1012
2.2899
3.0772
3.7498
2.6947
4.1647
3.4456
3.0472
3.5811
3.9746
4.1342
4.1939
2.8986
2.5615
4.1198
2.3093
3.3670
3.3542
3.3880
3.5415
3.5070
2.6425
3.3392
2.9627
2.8966
2.4997
3.6922
2.3011
3.7642
3.7937
4.0526
4.4269
4.5155
3.2439
3.8119
4.0827
3.3418
3.5080
3.6546
3.4053
4.0807
2.6080
4.0018
3.6002
3.6778
4.7987
3.2425
3.1819
3.4147
4.0964
2.7877
3.2046
2.9448
3.0567
2.1354
2.5274
3.8465
3.9401
3.7355
4.1298
3.6060
3.9342
2.7341
4.1103
4.0161
3.2019
3.6980
2.5352
4.1735
3.7976
3.2691
3.4751
4.1796
4.3753
3.6364
3.3839
3.1589
4.3249
4.0987
3.6204
3.6450
3.4198
4.1240
3.6994
3.5252
3.3052
3.6666
3.8353
3.6381
3.7587
3.3016
4.4710
2.5106
2.3336
3.8941
3.5666
3.9474
3.6544
2.0955
1.1624
3.8521
3.3802
3.8728
2.9917
3.3218
2.9125
3.3636
3.3371
3.2957
4.4191
3.5524
3.3878
4.2795
3.8785
2.4871
4.3665
4.0173
3.6813
3.6660
3.8696
3.6562
3.2771
4.2214
3.1593
4.0807
3.5242
3.5062
3.4979
2.6224
4.1520
3.5917
3.8859
3.2915
3.2090
4.6908
3.8961
4.0319
3.0184
3.1904
3.7622
3.2257
4.0489
3.0643
3.6284
1.7671
3.4716
3.2345
3.3550
4.3121
2.7705
3.0758
4.6283
3.6017
3.5950
2.1205
3.6389
3.1626
4.1510
3.3107
3.5553
3.5117
3.5607
3.8577
4.5693
3.4950
4.0880
3.3478
3.6508
2.8120
3.4496
2.8054
4.2430
4.3547
2.8310
3.5301
3.8546
3.5105
2.2771
3.0162
3.5638
2.6709
3.3960
4.0746
4.1359
3.1366
2.9855
3.6979
3.9283
2.7918
4.8460
3.1213
3.3531
3.5916
2.2506
4.6405
3.4963
3.9435
4.5092
3.8446
2.5715
4.2686
2.6809
3.6307
4.1303
4.1110
3.0108
3.3082
3.5156
4.0631
4.0646
2.6777
3.8260
3.9602
4.0021
2.8000
3.2949
4.3210
3.5765
2.7077
4.5631
3.5953
3.5904
3.8691
3.3378
4.1248
2.4177
2.8831
3.9854
3.6653
3.7468
3.2677
3.0923
3.8994
3.4988
3.4765
1.6017
3.3973
4.0863
3.5666
3.6365
4.3621
4.6012
4.2306
3.3413
3.5149
3.7758
4.1832
3.6610
1.8116
3.4579
2.5170
2.3246
3.3136
3.7986
4.0573
3.3876
4.0083
3.9184
2.1790
3.7762
2.8619
3.5200
3.3597
3.4937
4.1392
3.3877
3.1811
3.7794
3.3847
3.8823
3.5751
3.7236
2.7498
4.4002
4.1084
3.7934
3.7134
3.2679
3.4402
3.8434
2.2200
3.5372
3.8778
1.4002
3.2952
3.2612
3.7945
3.5825
3.5542
3.6222
4.0441
3.6935
2.5377
3.9737
4.1390
3.8231
4.0980
2.6560
3.2959
4.1496
2.9020
4.3918
3.3501
3.8886
3.4960
3.5916
3.0581
4.3304
3.0429
3.8352
3.7015
4.6270
2.3853
4.2997
3.8068
3.9830
3.2113
4.1813
3.0911
3.4645
3.2863
3.8213
3.5310
3.4110
3.4444
2.9621
3.0094
4.0430
3.0063
2.9816
3.5354
3.8509
3.8144
3.4518
4.2322
3.5373
2.3759
4.3804
3.7684
3.6381
3.4788
3.5601
4.3907
4.8045
3.7955
4.3552
2.9281
4.3081
3.5931
2.1114
4.2559
3.2959
3.0305
2.8554
4.4767
3.7842
3.2514
4.3799
3.7074
3.3466
3.1039
2.9794
3.6438
2.6810
4.1004
4.3100
3.8465
3.3330
3.3759
3.6274
4.3999
3.7150
3.2801
3.7087
3.6157
2.9886
3.5730
3.6494
3.9776
2.7994
4.2638
3.2443
2.8297
3.2980
4.1820
3.6968
3.1575
3.1614
3.9022
2.5518
2.7346
3.3851
4.1819
3.7659
2.1377
4.1731
4.0097
4.4800
4.1300
3.6592
4.0386
4.2887
3.9791
3.6988
3.8428
3.4608
4.1591
2.9949
3.7314
4.1907
2.9027
3.9609
2.9378
3.5657
3.4337
4.0276
3.6777
4.3563
2.4338
2.5882
3.2045
3.4758
4.0020
3.8026
3.2250
3.2720
4.1666
3.9339
3.5069
4.0756
3.3423
3.9574
3.8196
3.6079
2.3047
2.8572
3.8644
3.7873
3.4740
3.8791
4.1161
4.1771
3.7179
3.4949
3.5735
3.4415
4.4120
3.9613
2.4536
3.0878
4.3310
4.1596
4.2115
3.8189
3.9184
3.3375
4.1831
2.9127
3.2928
3.1204
4.1912
3.0596
4.0479
4.1519
3.0560
3.6888
4.5204
3.3958
3.3866
3.3593
3.1188
4.5942
3.0994
4.0531
3.6440
3.9139
3.6735
3.7765
3.7632
3.7815
4.2876
2.6238
3.5247
3.1519
3.4393
3.2691
3.6280
3.9362
3.3301
3.4425
4.3945
2.1340
3.1548
3.4253
3.5457
3.8067
3.3168
4.0134
3.2707
3.9518
3.7848
3.3149
3.1761
3.8637
2.1006
2.4971
4.0044
3.8259
3.5538
4.5997
3.5622
3.8113
3.2232
3.6762
3.9713
3.2292
3.5346
3.9304
3.8975
4.1268
3.1452
4.3025
2.9041
3.0891
3.2740
4.0259
3.1776
4.0821
3.0556
3.4992
4.0521
3.4980
4.2308
3.0591
2.8075
2.8916
4.0559
3.4533
4.3998
2.4621
4.2457
4.0552
3.8873
4.3629
4.3837
4.1246
3.6862
3.7955
1.0948
2.8972
3.8390
4.4388
3.4011
3.5935
4.2620
3.9618
3.9192
4.0472
2.8436
4.0148
3.5365
3.0788
4.6160
3.2665
3.4972
3.0431
3.0836
3.8936
2.3156
2.7330
4.1084
3.8704
3.3811
4.0505
3.8652
4.0953
2.0074
3.8154
4.0231
3.0235
2.1648
3.8307
3.8301
3.5625
3.8192
4.0538
3.2974
3.6524
4.3438
4.4012
3.9356
3.3232
3.1575
2.9796
3.6173
4.2042
3.7216
2.6942
3.2496
3.1336
4.3646
3.2198
3.5959
3.9319
3.6766
2.4405
4.1422
4.5867
3.5991
3.0294
3.0926
4.1502
3.0653
1.2529
3.4151
3.0209
3.7507
4.2187
2.1978
3.4981
3.7673
3.5893
3.0687
3.3260
3.9579
3.0954
3.8974
2.9085
2.3910
4.5306
3.9410
3.7237
4.0284
2.7314
3.9155
2.6298
3.9991
3.1674
3.7088
3.3581
3.7138
3.1249
2.4906
3.5707
3.7621
3.9858
3.6492
4.1078
3.2017
3.9809
4.3437
3.1411
2.9026
4.2712
3.2394
2.6838
3.3876
4.0286
4.4316
3.9277
3.6021
3.6514
3.3506
4.7252
3.8071
4.2938
3.0712
3.4912
4.1889
3.6488
4.3479
4.0088
2.6693
3.7128
2.4331
3.6533
3.5026
4.1213
2.3419
4.0344
5.0000
3.8715
3.7925
3.3010
4.7419
3.3290
4.5136
3.7960
3.3753
4.2983
3.3662
4.7598
3.7435
4.2030
4.0871
3.3490
4.0254
4.2125
3.4977
3.4658
1.6674
3.3092
3.6215
3.5608
3.5813
3.9239
3.3162
3.4797
2.7495
3.9739
2.6991
3.7435
4.0396
3.7386
2.2844
3.0706
3.4688
3.3058
3.7414
2.8646
3.8296
3.5542
4.3530
1.2904
2.8514
3.8340
3.6766
3.7620
4.1392
3.4099
3.1388
3.7427
4.2939
3.4123
3.9052
3.0083
3.3789
2.6504
2.1385
4.4389
4.1863
3.6286
2.8319
3.0700
3.5510
3.6961
3.7624
4.1583
3.9718
3.1088
4.2526
4.0296
3.3814
3.7651
3.0101
3.2641
3.1793
2.6477
4.1817
3.0604
4.1562
4.1138
3.5823
2.8848
3.5457
3.0676
3.0516
2.1746
4.5957
3.1579
2.8095
3.6253
3.3991
3.9406
3.8008
4.0184
3.1616
4.2234
1.9260
3.7552
4.4582
3.5275
2.4690
3.6453
3.1993
4.2198
3.9617
3.2258
3.9838
3.8103
2.4572
3.2342
3.7035
3.4347
3.3005
4.0753
3.6954
3.8408
3.2654
4.4145
2.5281
3.4619
3.3257
3.5129
3.0221
3.7993
1.6225
4.1258
3.7837
4.6026
3.4607
3.0107
3.6772
3.2566
4.0159
3.1496
3.6051
3.7931
3.5569
2.8779
3.2154
2.7659
3.8818
3.0691
4.4121
3.5889
3.1960
4.0311
2.7222
3.5781
4.3901
3.2102
4.0657
2.3945
2.7725
3.4863
3.9319
4.1824
3.9956
4.3201
3.3735
3.6313
2.6287
3.7178
4.0222
1.3878
3.8478
3.9663
3.8761
3.8141
3.7811
4.4243
4.0078
3.5595
3.9876
3.0390
3.8803
3.5594
4.6101
2.8842
3.8029
4.5374
4.2959
3.5401
2.4148
3.6721
4.1804
4.3380
4.5625
4.1289
3.6431
3.7599
3.7639
3.9214
3.1671
4.4758
2.6442
3.7880
1.9131
3.0887
3.5895
3.0954
3.3642
2.7774
3.0866
1.8968
3.2265
3.7237
3.5008
4.2959
3.1907
3.5146
3.1860
4.3223
4.5817
3.9990
2.8510
3.6972
3.4254
4.0045
3.9326
3.7942
3.3366
3.2235
3.7292
3.6824
3.5622
3.6906
3.2526
3.4793
3.3897
2.9297
2.5552
3.2376
4.0339
3.9015
3.8293
3.8894
2.6298
3.7817
3.9105
3.2969
2.6687
2.3868
3.7250
3.9447
3.5362
3.3846
3.4239
3.2341
3.5990
3.2016
3.9378
3.3793
4.5625
3.6076
3.7884
3.9368
2.8185
3.2736
3.2457
3.5182
3.3568
3.3087
2.5341
3.5907
3.8554
3.5818
3.8388
4.3724
3.3606
3.4910
3.3600
3.7615
4.4186
3.5778
2.8716
3.6588
3.7535
3.4070
2.5783
4.1946
4.0091
3.8506
4.3305
3.8354
3.7967
4.6372
3.4376
3.8743
3.4538
3.3842
4.3810
3.4224
3.5900
4.5318
1.7913
4.6548
3.3432
3.1415
3.2977
3.6855
3.5343
3.7892
3.9837
3.7320
3.1767
4.2609
3.0358
2.6583
2.0250
3.8479
3.9034
3.5732
3.8891
3.0762
3.9805
3.5241
4.3745
3.6672
4.2858
3.7211
3.5015
3.6042
3.8538
4.2356
4.0848
2.2078
3.7963
3.8866
3.6763
4.6189
3.3905
3.1702
3.8792
3.2030
3.0161
4.0296
3.0071
3.4868
4.3663
3.2135
3.2187
4.4863
3.2257
3.7340
2.2775
2.7857
2.8593
2.6815
3.6876
3.6088
4.3380
3.5892
3.2686
3.5503
4.0681
2.3301
4.2257
3.7179
4.1892
3.8887
4.1080
3.4200
3.0528
2.8820
3.0861
2.2038
4.0624
1.8730
3.5354
3.3170
4.0365
3.1653
3.4662
3.5341
3.7845
3.8017
2.8708
3.9001
4.1402
3.5187
2.7700
3.8248
3.9135
1.8786
4.1766
3.9770
3.7638
3.6258
3.5834
3.5296
3.9258
3.5359
3.7072
4.1115
2.9443
3.6431
3.6978
2.3650
4.4821
3.8287
2.9239
4.0098
1.4651
3.8855
3.6891
3.3884
4.0110
3.5504
1.9808
1.5761
3.9430
4.5902
4.1057
2.7223
3.1892
3.3540
3.7581
4.0395
3.3373
3.5688
3.5241
2.7456
3.3696
4.1185
3.0199
4.2452
3.9087
3.5114
4.3881
4.5421
4.0914
3.0594
3.1154
4.1448
3.1700
4.1864
3.7860
3.9806
4.7445
3.1075
3.1741
3.0922
3.6228
4.4298
2.9375
3.3633
2.9539
3.9441
4.0237
3.9313
3.9758
2.7633
3.3143
3.5910
3.2542
3.7922
1.9791
4.3153
3.6175
3.7558
4.3326
4.1673
3.2498
3.6978
3.6348
3.7222
3.8511
2.9257
3.0408
3.6718
3.6508
2.3183
3.7647
1.9459
3.8203
2.8090
4.0815
4.2324
3.4754
2.0351
2.2263
3.7132
3.8524
2.7252
3.4993
2.8055
3.4287
4.2440
3.7116
2.5624
3.7637
2.9934
4.5039
4.2015
2.9738
3.1746
3.4040
4.1036
3.4299
4.3386
2.7435
4.2869
3.7480
3.0793
3.6181
3.9927
3.8575
4.3174
3.4240
3.6057
4.5305
3.6312
3.7969
3.8649
3.0909
3.4670
2.5089
3.0373
3.9554
3.9184
4.0170
3.7883
3.5606
4.1806
3.7699
2.9681
3.7145
3.6917
3.3168
4.2092
3.6866
4.3714
3.1012
4.4372
2.9850
4.1464
3.7347
4.4024
4.4284
3.5240
3.1904
3.8696
3.7099
4.2317
3.9036
2.6936
3.6599
2.6006
3.6187
3.7613
2.0552
3.6691
2.7576
3.2488
3.3745
3.6327
3.6182
4.1483
2.6951
3.8255
4.1589
3.5433
2.9617
3.1528
4.3507
3.3805
4.1546
3.4001
4.0324
4.0793
3.0947
3.7704
3.5886
3.3840
2.9082
3.5575
3.7715
3.6261
3.8486
3.8316
3.5413
3.8180
3.5903
3.1216
4.2486
3.6483
3.8246
3.9938
4.3766
1.0340
3.1670
4.0722
4.0144
2.3358
4.3304
3.6336
3.2852
2.3822
4.0752
3.8184
2.3111
3.3980
3.9341
4.3069
3.5293
3.0989
3.1647
3.7290
3.9190
3.6170
4.1058
3.5004
3.9582
3.8058
3.7965
3.7316
3.2734
3.6786
3.4280
4.1958
2.1461
4.2667
2.7298
3.7945
3.9021
2.9383
4.2154
4.0441
3.9402
3.1618
3.8556
4.1631
3.2263
3.5753
3.2779
2.5400
2.8668
2.7457
4.0794
3.8393
3.4440
3.5268
3.2069
3.1701
2.7581
4.2535
3.5015
3.8731
3.2801
3.5338
2.9840
3.6487
3.7178
3.8366
3.3600
3.5435
4.1966
3.7402
3.8175
3.8994
3.2453
3.4817
3.7590
4.1817
4.1459
4.3518
3.8498
3.5255
3.4101
3.8765
3.4039
2.3795
3.7829
3.0723
2.9461
4.2112
4.1506
3.3087
4.1060
4.3113
2.3886
2.3951
4.2926
3.2520
3.1031
3.5551
4.4436
2.9952
3.0502
2.5013
3.9886
3.2256
3.9757
3.0159
3.3183
3.8193
2.3866
3.7183
3.6960
3.2729
3.6100
3.3468
4.6259
3.7140
2.8939
4.4771
3.7165
3.4308
2.6239
3.9600
2.7054
4.7672
3.5261
3.5737
3.3027
3.7231
2.8344
2.2090
2.9711
3.6738
3.2206
3.6151
1.7000
3.4487
3.0567
1.9043
3.7195
4.3366
3.9575
3.6446
4.4671
4.2876
3.7493
4.2136
4.1576
3.2815
2.9041
